5.00001e-06
5.00001e-06
5.00001e-06
5.00001e-06
5.00001e-06
5.00001e-06
5.00001e-06
5.00001e-06
5.00001e-06
5.00001e-06
5.00001e-06
5.00001e-06
5.00001e-06
5.00001e-06
5.00001e-06
5.00001e-06
5.00001e-06
5.00001e-06
5.00001e-06
5.00001e-06
5.00001e-06
5.00001e-06
5.00001e-06
5.00001e-06
5.00001e-06
5.00001e-06
5.00001e-06
5.00001e-06
5.00001e-06
5.00001e-06
5.00001e-06
5.00001e-06
5.000009999999999e-06
5.00001e-06
5.00001e-06
5.00001e-06
5.00001e-06
5.00001e-06
5.00001e-06
5.000010000000001e-06
5.00001e-06
5.000010000000001e-06
5.00001e-06
5.00001e-06
5.00001e-06
5.00001e-06
5.00001e-06
5.00001e-06
5.000009999999999e-06
5.00001e-06
5.000009999999999e-06
5.00001e-06
5.00001e-06
5.000010000000001e-06
5.00001e-06
5.00001e-06
5.00001e-06
5.00001e-06
5.00001e-06
5.00001e-06
5.00001e-06
5.00001e-06
5.000009999999999e-06
5.00001e-06
5.00001e-06
5.00001e-06
5.00001e-06
5.00001e-06
5.00001e-06
5.00001e-06
5.00001e-06
5.00001e-06
5.00001e-06
5.000010000000001e-06
5.00001e-06
5.00001e-06
5.00001e-06
5.000010000000001e-06
5.00001e-06
5.00001e-06
5.00001e-06
5.00001e-06
5.00001e-06
5.00001e-06
5.00001e-06
5.00001e-06
5.00001e-06
5.00001e-06
5.00001e-06
5.00001e-06
5.00001e-06
5.00001e-06
5.00001e-06
5.00001e-06
5.00001e-06
5.00001e-06
5.00001e-06
5.00001e-06
5.00001e-06
5.00001e-06
5.00001e-06
5.000010000000001e-06
5.00001e-06
5.001331580881332e-06
5.0014203584966176e-06
5.001515090788661e-06
5.001616175914161e-06
5.001724038479188e-06
5.001839131272159e-06
5.001961937107e-06
5.002092970783046e-06
5.002232781168545e-06
5.002381953414916e-06
5.0025411113093285e-06
5.002710919773389e-06
5.002892087516171e-06
5.003085369850048e-06
5.0032915716781744e-06
5.003511550662738e-06
5.003746220583411e-06
5.0039965548956804e-06
5.004263590498986e-06
5.004548431724796e-06
5.0048522545548895e-06
5.0051763110802285e-06
5.005521934210808e-06
5.0058905426468185e-06
5.006283646121317e-06
5.006702850924285e-06
5.007149865717573e-06
5.007626507649632e-06
5.0081347087781815e-06
5.008676522807968e-06
5.009254132149554e-06
5.00986985530354e-06
5.010526154572798e-06
5.011225644103098e-06
5.01197109824981e-06
5.012765460265356e-06
5.013611851298377e-06
5.0145135796913824e-06
5.015474150558745e-06
5.016497275621303e-06
5.0175868832673355e-06
5.01874712880242e-06
5.019982404842282e-06
5.021297351793451e-06
5.022696868355947e-06
5.0241861219704965e-06
5.025770559119669e-06
5.027455915377875e-06
5.029248225089223e-06
5.031153830534779e-06
5.033179390431865e-06
5.035331887587458e-06
5.037618635505807e-06
5.040047283726957e-06
5.042625821648154e-06
5.045362580554306e-06
5.048266233557109e-06
5.0513457931153166e-06
5.054610605781652e-06
5.058070343795404e-06
5.061734993114635e-06
5.06561483745907e-06
5.069720437915044e-06
5.074062607638689e-06
5.078652381184102e-06
5.08350097798122e-06
5.088619759495141e-06
5.0940201796165725e-06
5.099713727864039e-06
5.1057118650242525e-06
5.112025950920005e-06
5.118667164076812e-06
5.1256464131623536e-06
5.13297424019783e-06
5.140660715689089e-06
5.148715325997954e-06
5.157146853470586e-06
5.165963250058678e-06
5.175171505408422e-06
5.184777510648e-06
5.194785919371721e-06
5.205200007591339e-06
5.216021534694475e-06
5.227250607706722e-06
5.238885551387246e-06
5.2509227868852725e-06
5.263356721834346e-06
5.276179654849793e-06
5.2893816974101635e-06
5.302950716034593e-06
5.316872297506022e-06
5.3311297396289915e-06
5.3457040696478495e-06
5.360574091988599e-06
5.375716466432008e-06
5.391105817188793e-06
5.406714872646564e-06
5.422514634814188e-06
5.438474576727686e-06
5.454562865330884e-06
5.470746606633412e-06
5.486992109307675e-06
5.503265162342875e-06
5.519531321952093e-06
5.535756202647137e-06
5.551905767268231e-06
5.567946610787693e-06
5.583846232896952e-06
5.599573294725801e-06
5.615097855516067e-06
5.6303915856575015e-06
5.645427953166012e-06
5.660182381414635e-06
5.674632376686361e-06
5.688757624875644e-06
5.702540057395206e-06
5.7159638870224285e-06
5.729015615025728e-06
5.741684011430812e-06
5.753960070710025e-06
5.765836945500094e-06
5.777309861174691e-06
5.788376014222011e-06
5.799034457411511e-06
5.809285974687966e-06
5.8191329486165e-06
5.828579223032042e-06
5.837629963333289e-06
5.846291516617268e-06
5.854571273587635e-06
5.8624775338981394e-06
5.870019376321442e-06
5.877206534869993e-06
5.884049281746033e-06
5.890558317766334e-06
5.896744670697173e-06
5.9026196017480515e-06
5.9081945203096355e-06
5.913480906882254e-06
5.918490244025281e-06
5.923233955063439e-06
5.927723350212055e-06
5.931969579727441e-06
5.935983593648934e-06
5.939776107673701e-06
5.943357574692026e-06
5.9467381615076e-06
5.949927730272568e-06
5.952935824178976e-06
5.95577165696537e-06
5.958444105818488e-06
5.960961707273774e-06
5.9633326557442156e-06
5.965564804333789e-06
5.967665667618843e-06
5.969642426107742e-06
5.971501932115378e-06
5.9732507168145564e-06
5.9748949982504855e-06
5.976440690127411e-06
5.97789341119792e-06
5.979258495105249e-06
5.980541000547334e-06
5.981745721648144e-06
5.982877198437192e-06
5.983939727352032e-06
5.984937371691054e-06
5.985873971955226e-06
5.986753156027397e-06
5.987578349146814e-06
5.988352783644308e-06
5.989079508410681e-06
5.989761398076842e-06
5.990401161889626e-06
5.991001352271817e-06
5.991564373058874e-06
5.992092487408315e-06
5.992587825380573e-06
5.993052391192624e-06
5.99348807014774e-06
5.993896635246431e-06
5.994279753485008e-06
5.9946389918493875e-06
5.9949758230125685e-06
5.9952916307449735e-06
5.995587715047304e-06
5.99586529701596e-06
5.9961255234512335e-06
5.996369471218715e-06
5.9965981513742345e-06
5.996812513062753e-06
5.997013447201363e-06
5.9972017899564895e-06
5.9973783260251144e-06
5.9975437917296095e-06
5.99769887793547e-06
5.997844232800997e-06
5.997980464367577e-06
5.998108142998971e-06
5.998227803677634e-06
5.9983399481658e-06
5.99844504703869e-06
5.998543541596915e-06
5.998635845664801e-06
5.998722347281035e-06
5.9988034102877535e-06
5.998879375823847e-06
5.998950563728014e-06
5.999017273856756e-06
5.999079787322298e-06
5.999138367655088e-06
5.999193261895333e-06
5.999244701617759e-06
5.999292903893556e-06
5.999338072193255e-06
5.999380397234069e-06
5.9994200577750325e-06
5.999457221363076e-06
5.999492045033021e-06
5.999524675964254e-06
5.999555252096741e-06
5.999583902708839e-06
5.999610748959244e-06
5.9996359043952695e-06
5.999659475429508e-06
5.99968156178683e-06
5.9997022569235396e-06
5.9997216484203936e-06
5.999739818351104e-06
5.999756843627849e-06
5.999772796325183e-06
5.999787743983718e-06
5.999801749894807e-06
5.999814873367423e-06
5.999827169978325e-06
5.9998386918065655e-06
5.999849487653304e-06
5.999859603247845e-06
5.999869081440759e-06
5.999877962384888e-06
5.9998862837050036e-06
5.9998940806568135e-06
5.999901386275983e-06
5.99990823151781e-06
5.999914645388118e-06
5.999920655065933e-06
5.999926286018451e-06
5.999931562108779e-06
5.999936505696905e-06
5.999941137734325e-06
5.999945477852708e-06
5.999949544446998e-06
5.999953354753284e-06
5.9999569249217745e-06
5.999960270085167e-06
5.999963404422744e-06
5.9999663412204055e-06
5.9999690929269465e-06
5.999971671206774e-06
5.9999740869893205e-06
5.999976350515341e-06
5.999978471380291e-06
5.999980458574986e-06
5.999982320523682e-06
5.999984065119778e-06
5.999985699759257e-06
5.9999872313720254e-06
5.999988666451281e-06
5.999990011081023e-06
5.999991270961843e-06
5.999992451435075e-06
5.99999355750544e-06
5.999994593862253e-06
5.999995564899296e-06
5.999996474733448e-06
5.999997327222126e-06
5.99999812597964e-06
5.999998874392511e-06
5.999999575633829e-06
6.000000232676699e-06
6.000000848306847e-06
6.000001425134426e-06
6.000001965605084e-06
6.000002472010331e-06
6.000002946497248e-06
6.0000033910775944e-06
6.000003807636337e-06
6.000004197939638e-06
6.000004563642343e-06
6.000004906294997e-06
6.000005227350417e-06
6.000005528169857e-06
6.0000058100287685e-06
6.000006074122217e-06
6.000006321569943e-06
6.000006553421116e-06
6.000006770658773e-06
6.0000069742039954e-06
6.0000071649198095e-06
6.000007343614843e-06
6.000007511046762e-06
6.000007667925474e-06
6.000007814916143e-06
6.000007952642009e-06
6.000008081687028e-06
6.000008202598351e-06
6.000008315888642e-06
6.000008422038254e-06
6.000008521497261e-06
6.000008614687371e-06
6.000008702003711e-06
6.000008783816503e-06
6.000008860472635e-06
6.00000893229713e-06
6.000008999594527e-06
6.0000090626501674e-06
6.00000912173141e-06
6.000009177088758e-06
6.000009228956931e-06
6.000009277555852e-06
6.000009323091578e-06
6.000009365757186e-06
6.0000094057335766e-06
6.0000094431902535e-06
6.000009478286033e-06
6.000009511169722e-06
6.0000095419807514e-06
6.000009570849757e-06
6.000009597899148e-06
6.000009623243612e-06
6.000009646990612e-06
6.000009669240837e-06
6.000009690088629e-06
6.00000970962238e-06
6.000009727924918e-06
6.0000097450738454e-06
6.000009761141872e-06
6.0000097761971326e-06
6.000009790303455e-06
6.000009803520656e-06
6.000009815904775e-06
6.000009827508321e-06
6.0000098383804945e-06
6.000009848567394e-06
6.000009858112211e-06
6.000009867055418e-06
6.0000098754349324e-06
6.000009883286286e-06
6.000009890642766e-06
6.000009897535569e-06
6.000009903993915e-06
6.000009910045192e-06
6.000009915715056e-06
6.000009921027547e-06
6.000009926005191e-06
6.000009930669095e-06
6.0000099350390316e-06
6.00000993913353e-06
6.000009942969953e-06
6.000009946564564e-06
6.0000099499326076e-06
6.000009953088363e-06
6.000009956045209e-06
6.000009958815686e-06
6.000009961411539e-06
6.000009963843775e-06
6.000009966122707e-06
6.000009968257998e-06
6.0000099702587005e-06
6.000009972133298e-06
6.000009973889741e-06
6.0000099755354735e-06
6.000009977077477e-06
6.000009978522286e-06
6.0000099798760295e-06
6.000009981144447e-06
6.000009982332915e-06
6.000009983446474e-06
6.000009984489845e-06
6.000009985467452e-06
6.0000099863834405e-06
6.000009987241694e-06
6.000009988045853e-06
6.000009988799323e-06
6.000009989505304e-06
6.000009990166786e-06
6.000009990786575e-06
6.0000099913672986e-06
6.000009991911419e-06
6.000009992421243e-06
6.000009992898933e-06
6.000009993346515e-06
6.000009993765885e-06
6.000009994158822e-06
6.0000099945269915e-06
6.000009994871957e-06
6.0000099951951785e-06
6.000009995498027e-06
6.000009995781787e-06
6.000009996047661e-06
6.000009996296778e-06
6.000009996530192e-06
6.000009996748895e-06
6.000009996953813e-06
6.000009997145814e-06
6.0000099973257145e-06
6.000009997494274e-06
6.000009997652211e-06
6.000009997800191e-06
6.000009997938846e-06
6.0000099980687615e-06
6.000009998190488e-06
6.000009998304542e-06
6.000009998411407e-06
6.000009998511535e-06
6.0000099986053535e-06
6.000009998693258e-06
6.000009998775622e-06
6.000009998852795e-06
6.000009998925103e-06
6.000009998992854e-06
6.000009999056334e-06
6.0000099991158145e-06
6.000009999171545e-06
6.000009999223763e-06
6.000009999272688e-06
6.0000099993185315e-06
6.0000099993614845e-06
6.0000099994017305e-06
6.0000099994394395e-06
6.000009999474772e-06
6.000009999507876e-06
6.000009999538896e-06
6.000009999567959e-06
6.00000999959519e-06
6.000009999620706e-06
6.000009999644612e-06
6.000009999667012e-06
6.0000099996880005e-06
6.000009999707666e-06
6.000009999726092e-06
6.000009999743357e-06
6.000009999759533e-06
6.00000999977469e-06
6.000009999788891e-06
6.000009999802197e-06
6.000009999814665e-06
6.000009999826346e-06
6.000009999837292e-06
6.000009999847548e-06
6.000009999857156e-06
6.0000099998661595e-06
6.000009999874596e-06
6.0000099998825e-06
6.000009999889906e-06
6.000009999896846e-06
6.000009999903348e-06
6.0000099999094395e-06
6.000009999915147e-06
6.000009999920496e-06
6.000009999925506e-06
6.000009999930202e-06
6.0000099999346014e-06
6.000009999938723e-06
6.0000099999425856e-06
6.000009999946205e-06
6.000009999949595e-06
6.000009999952772e-06
6.00000999995575e-06
6.000009999958538e-06
6.000009999961151e-06
6.0000099999636005e-06
6.000009999965895e-06
6.000009999968044e-06
6.000009999970059e-06
6.0000099999719454e-06
6.000009999973714e-06
6.000009999975371e-06
6.0000099999769234e-06
6.000009999978378e-06
6.00000999997974e-06
6.000009999981018e-06
6.000009999982214e-06
6.000009999983335e-06
6.000009999984386e-06
6.000009999985369e-06
6.000009999986292e-06
6.0000099999871564e-06
6.000009999987965e-06
6.000009999988724e-06
6.000009999989435e-06
6.000009999990101e-06
6.000009999990725e-06
6.0000099999913094e-06
6.000009999991857e-06
6.00000999999237e-06
6.000009999992851e-06
6.000009999993302e-06
6.000009999993724e-06
6.00000999999412e-06
6.000009999994491e-06
6.000009999994838e-06
6.000009999995163e-06
6.0000099999954675e-06
6.000009999995754e-06
6.000009999996021e-06
6.000009999996272e-06
6.000009999996507e-06
6.000009999996727e-06
6.000009999996934e-06
6.000009999997127e-06
6.000009999997308e-06
6.0000099999974775e-06
6.000009999997636e-06
6.000009999997785e-06
6.000009999997926e-06
6.000009999998056e-06
6.000009999998178e-06
6.000009999998293e-06
6.0000099999984e-06
6.000009999998502e-06
6.0000099999985965e-06
6.0000099999986846e-06
6.0000099999987676e-06
6.0000099999988455e-06
6.000009999998918e-06
6.000009999998986e-06
6.00000999999905e-06
6.000009999999109e-06
6.000009999999166e-06
6.000009999999218e-06
6.000009999999267e-06
6.000009999999314e-06
6.000009999999358e-06
6.000009999999398e-06
6.000009999999436e-06
6.0000099999994715e-06
6.000009999999505e-06
6.000009999999536e-06
6.000009999999565e-06
6.000009999999593e-06
6.000009999999618e-06
6.0000099999996426e-06
6.000009999999665e-06
6.000009999999686e-06
6.000009999999705e-06
6.000009999999724e-06
6.000009999999742e-06
6.000009999999759e-06
6.000009999999773e-06
6.000009999999788e-06
6.0000099999998e-06
6.000009999999814e-06
6.0000099999998255e-06
6.000009999999836e-06
6.000009999999847e-06
6.000009999999856e-06
6.0000099999998645e-06
6.000009999999874e-06
6.000009999999881e-06
6.000009999999889e-06
6.000009999999896e-06
6.000009999999903e-06
6.0000099999999085e-06
6.000009999999914e-06
6.00000999999992e-06
6.000009999999925e-06
6.00000999999993e-06
6.000009999999935e-06
6.000009999999938e-06
6.000009999999942e-06
6.000009999999946e-06
6.00000999999995e-06
6.0000099999999526e-06
6.000009999999955e-06
6.000009999999958e-06
6.000009999999961e-06
6.000009999999963e-06
6.000009999999965e-06
6.000009999999968e-06
6.0000099999999695e-06
6.000009999999972e-06
6.000009999999974e-06
6.000009999999975e-06
6.000009999999976e-06
6.000009999999978e-06
6.000009999999979e-06
6.000009999999981e-06
6.000009999999982e-06
6.000009999999983e-06
6.000009999999984e-06
6.000009999999986e-06
6.0000099999999865e-06
6.000009999999987e-06
6.000009999999987e-06
6.000009999999989e-06
6.00000999999999e-06
6.00000999999999e-06
6.000009999999991e-06
6.0000099999999915e-06
6.0000099999999915e-06
6.000009999999992e-06
6.000009999999993e-06
6.000009999999994e-06
6.000009999999993e-06
6.000009999999994e-06
6.000009999999995e-06
6.000009999999995e-06
6.000009999999995e-06
6.000009999999996e-06
6.000009999999996e-06
6.000009999999997e-06
6.000009999999996e-06
6.000009999999997e-06
6.000009999999996e-06
6.000009999999997e-06
6.0000099999999975e-06
6.0000099999999975e-06
6.0000099999999975e-06
6.0000099999999975e-06
6.0000099999999975e-06
6.0000099999999975e-06
6.0000099999999975e-06
6.000009999999998e-06
6.0000099999999975e-06
6.000009999999999e-06
6.000009999999998e-06
6.000009999999999e-06
6.000009999999999e-06
6.000009999999998e-06
6.000009999999999e-06
6.000009999999999e-06
6.000009999999999e-06
6.00001e-06
6.000009999999999e-06
6.000009999999999e-06
6.000009999999999e-06
6.000009999999999e-06
6.000009999999999e-06
6.000009999999999e-06
6.000009999999999e-06
6.000009999999999e-06
6.000009999999999e-06
6.00001e-06
6.00001e-06
6.00001e-06
6.000009999999999e-06
6.000009999999999e-06
6.00001e-06
6.00001e-06
6.00001e-06
6.00001e-06
6.00001e-06
6.00001e-06
6.000009999999999e-06
6.000009999999999e-06
6.000009999999999e-06
6.000009999999999e-06
6.000009999999999e-06
6.000009999999999e-06
6.000009999999999e-06
6.000009999999999e-06
6.000009999999999e-06
6.00001e-06
6.00001e-06
6.00001e-06
6.00001e-06
6.00001e-06
6.00001e-06
6.00001e-06
6.00001e-06
6.00001e-06
6.00001e-06
6.00001e-06
6.00001e-06
6.00001e-06
6.00001e-06
6.00001e-06
6.00001e-06
6.00001e-06
6.00001e-06
6.00001e-06
6.00001e-06
6.00001e-06
6.00001e-06
6.00001e-06
6.00001e-06
6.00001e-06
6.00001e-06
6.00001e-06
6.00001e-06
6.00001e-06
6.00001e-06
6.00001e-06
6.00001e-06
6.00001e-06
6.00001e-06
6.00001e-06
6.00001e-06
6.00001e-06
6.00001e-06
6.00001e-06
6.00001e-06
6.00001e-06
6.00001e-06
6.00001e-06
6.00001e-06
6.00001e-06
6.00001e-06
6.00001e-06
6.00001e-06
6.00001e-06
6.00001e-06
6.00001e-06
6.00001e-06
6.00001e-06
6.00001e-06
6.00001e-06
6.00001e-06
6.00001e-06
6.00001e-06
6.00001e-06
6.00001e-06
6.00001e-06
6.00001e-06
6.00001e-06
6.00001e-06
6.00001e-06
6.00001e-06
6.00001e-06
6.00001e-06
6.00001e-06
6.00001e-06
6.00001e-06
6.00001e-06
6.00001e-06
6.00001e-06
6.00001e-06
6.00001e-06
6.00001e-06
6.00001e-06
6.00001e-06
6.00001e-06
6.00001e-06
6.00001e-06
6.00001e-06
6.00001e-06
6.00001e-06
6.00001e-06
6.00001e-06
6.00001e-06
6.00001e-06
6.00001e-06
6.00001e-06
6.00001e-06
6.00001e-06
6.00001e-06
6.00001e-06
6.00001e-06
6.00001e-06
6.00001e-06
6.00001e-06
6.00001e-06
6.00001e-06
6.00001e-06
6.00001e-06
6.00001e-06
6.00001e-06
6.00001e-06
6.00001e-06
6.00001e-06
6.00001e-06
6.00001e-06
6.00001e-06
6.00001e-06
6.00001e-06
6.00001e-06
6.00001e-06
6.00001e-06
6.00001e-06
6.00001e-06
6.00001e-06
6.00001e-06
6.00001e-06
6.00001e-06
6.00001e-06
6.00001e-06
6.00001e-06
6.00001e-06
6.00001e-06
6.00001e-06
6.00001e-06
6.00001e-06
6.00001e-06
6.00001e-06
6.00001e-06
6.00001e-06
6.00001e-06
6.00001e-06
6.00001e-06
6.00001e-06
6.00001e-06
6.00001e-06
6.00001e-06
6.00001e-06
6.00001e-06
6.00001e-06
6.00001e-06
6.00001e-06
6.00001e-06
6.00001e-06
6.00001e-06
6.00001e-06
6.00001e-06
6.00001e-06
6.00001e-06
6.00001e-06
6.00001e-06
6.00001e-06
6.00001e-06
6.00001e-06
6.00001e-06
6.00001e-06
6.00001e-06
6.00001e-06
6.00001e-06
6.00001e-06
6.00001e-06
6.00001e-06
6.00001e-06
6.00001e-06
6.00001e-06
6.00001e-06
6.00001e-06
6.00001e-06
6.00001e-06
6.00001e-06
6.00001e-06
6.00001e-06
6.00001e-06
6.00001e-06
6.00001e-06
6.00001e-06
6.00001e-06
6.00001e-06
6.00001e-06
6.00001e-06
6.00001e-06
6.00001e-06
6.00001e-06
6.00001e-06
6.00001e-06
6.00001e-06
6.00001e-06
6.00001e-06
6.00001e-06
6.00001e-06
6.00001e-06
6.00001e-06
6.00001e-06
6.00001e-06
6.00001e-06
6.00001e-06
6.00001e-06
6.00001e-06
6.00001e-06
6.00001e-06
6.00001e-06
6.00001e-06
6.00001e-06
6.00001e-06
6.00001e-06
6.00001e-06
6.00001e-06
6.00001e-06
6.00001e-06
6.00001e-06
6.00001e-06
6.00001e-06
6.00001e-06
6.00001e-06
6.00001e-06
6.00001e-06
6.00001e-06
6.00001e-06
6.00001e-06
6.00001e-06
6.00001e-06
6.00001e-06
6.00001e-06
6.00001e-06
6.00001e-06
6.00001e-06
6.00001e-06
6.00001e-06
6.00001e-06
6.00001e-06
6.00001e-06
6.00001e-06
6.00001e-06
6.00001e-06
6.00001e-06
6.00001e-06
6.00001e-06
6.00001e-06
6.00001e-06
6.00001e-06
6.00001e-06
6.00001e-06
6.00001e-06
6.00001e-06
6.00001e-06
6.00001e-06
6.00001e-06
6.00001e-06
6.00001e-06
6.00001e-06
6.00001e-06
6.00001e-06
6.00001e-06
6.00001e-06
6.00001e-06
6.00001e-06
6.00001e-06
6.00001e-06
6.00001e-06
6.00001e-06
6.00001e-06
6.00001e-06
6.00001e-06
6.00001e-06
6.00001e-06
6.00001e-06
6.00001e-06
6.00001e-06
6.00001e-06
6.00001e-06
6.00001e-06
6.00001e-06
6.00001e-06
6.00001e-06
6.00001e-06
6.00001e-06
6.00001e-06
6.00001e-06
6.00001e-06
6.00001e-06
6.00001e-06
6.00001e-06
6.00001e-06
6.00001e-06
6.00001e-06
6.00001e-06
6.00001e-06
6.00001e-06
6.00001e-06
6.00001e-06
6.00001e-06
6.00001e-06
6.00001e-06
6.00001e-06
6.00001e-06
6.00001e-06
6.00001e-06
6.00001e-06
6.00001e-06
6.00001e-06
6.00001e-06
6.00001e-06
6.00001e-06
6.00001e-06
6.00001e-06
6.00001e-06
6.00001e-06
6.00001e-06
6.00001e-06
6.00001e-06
6.00001e-06
6.00001e-06
6.00001e-06
6.00001e-06
6.00001e-06
6.00001e-06
6.00001e-06
6.00001e-06
6.00001e-06
6.00001e-06
6.00001e-06
6.00001e-06
6.00001e-06
6.00001e-06
6.00001e-06
6.00001e-06
6.00001e-06
6.00001e-06
6.00001e-06
6.00001e-06
6.00001e-06
6.00001e-06
6.00001e-06
6.00001e-06
6.00001e-06
6.00001e-06
6.00001e-06
6.00001e-06
6.00001e-06
6.00001e-06
6.00001e-06
6.00001e-06
6.00001e-06
6.00001e-06
6.00001e-06
6.00001e-06
6.00001e-06
6.00001e-06
6.00001e-06
6.00001e-06
6.00001e-06
6.00001e-06
6.00001e-06
6.00001e-06
6.00001e-06
6.00001e-06
6.00001e-06
6.00001e-06
6.00001e-06
6.00001e-06
6.00001e-06
6.00001e-06
6.00001e-06
6.00001e-06
6.00001e-06
6.00001e-06
6.00001e-06
6.00001e-06
6.00001e-06
6.00001e-06
6.00001e-06
6.00001e-06
6.00001e-06
6.00001e-06
6.00001e-06
6.00001e-06
6.00001e-06
6.00001e-06
6.00001e-06
6.00001e-06
6.00001e-06
6.00001e-06
6.00001e-06
6.00001e-06
6.00001e-06
6.00001e-06
6.00001e-06
6.00001e-06
6.00001e-06
6.00001e-06
6.00001e-06
6.00001e-06
6.00001e-06
6.00001e-06
6.00001e-06
6.00001e-06
6.00001e-06
6.00001e-06
6.00001e-06
6.00001e-06
6.00001e-06
6.00001e-06
6.00001e-06
6.00001e-06
6.00001e-06
6.00001e-06
6.00001e-06
6.00001e-06
6.00001e-06
6.00001e-06
6.00001e-06
6.00001e-06
6.00001e-06
6.00001e-06
6.00001e-06
6.00001e-06
6.00001e-06
6.00001e-06
6.00001e-06
6.00001e-06
6.00001e-06
6.00001e-06
6.00001e-06
6.00001e-06
6.00001e-06
6.00001e-06
6.00001e-06
6.00001e-06
6.00001e-06
6.00001e-06
6.00001e-06
6.00001e-06
6.00001e-06
6.00001e-06
6.00001e-06
6.00001e-06
6.00001e-06
6.00001e-06
6.00001e-06
6.00001e-06
6.00001e-06
6.00001e-06
6.00001e-06
6.00001e-06
6.00001e-06
6.00001e-06
6.00001e-06
6.00001e-06
6.00001e-06
6.00001e-06
6.00001e-06
6.00001e-06
6.00001e-06
6.00001e-06
6.00001e-06
6.00001e-06
6.00001e-06
6.00001e-06
6.00001e-06
6.00001e-06
6.00001e-06
6.00001e-06
6.00001e-06
6.00001e-06
6.00001e-06
6.00001e-06
6.00001e-06
6.00001e-06
6.00001e-06
6.00001e-06
6.00001e-06
6.00001e-06
6.00001e-06
6.00001e-06
6.00001e-06
6.00001e-06
6.00001e-06
6.00001e-06
6.00001e-06
6.00001e-06
6.00001e-06
6.00001e-06
6.00001e-06
6.00001e-06
6.00001e-06
6.00001e-06
6.00001e-06
6.00001e-06
6.00001e-06
6.00001e-06
6.00001e-06
6.00001e-06
6.00001e-06
6.00001e-06
6.00001e-06
6.00001e-06
6.00001e-06
6.00001e-06
6.00001e-06
6.00001e-06
6.00001e-06
6.00001e-06
6.00001e-06
6.00001e-06
6.00001e-06
6.00001e-06
6.00001e-06
6.00001e-06
6.00001e-06
6.00001e-06
6.00001e-06
6.00001e-06
6.00001e-06
6.00001e-06
6.00001e-06
6.00001e-06
6.00001e-06
6.00001e-06
6.00001e-06
6.00001e-06
6.00001e-06
6.00001e-06
6.00001e-06
6.00001e-06
6.00001e-06
6.00001e-06
6.00001e-06
6.00001e-06
6.00001e-06
6.00001e-06
6.00001e-06
6.00001e-06
6.00001e-06
6.00001e-06
6.00001e-06
6.00001e-06
6.00001e-06
6.00001e-06
6.00001e-06
6.00001e-06
6.00001e-06
6.00001e-06
6.00001e-06
6.00001e-06
6.00001e-06
6.00001e-06
6.00001e-06
6.00001e-06
6.00001e-06
6.00001e-06
6.00001e-06
6.00001e-06
6.00001e-06
6.00001e-06
6.00001e-06
6.00001e-06
6.00001e-06
6.00001e-06
6.00001e-06
6.00001e-06
6.00001e-06
6.00001e-06
6.00001e-06
6.00001e-06
6.00001e-06
6.00001e-06
6.00001e-06
6.00001e-06
6.00001e-06
6.00001e-06
6.00001e-06
6.00001e-06
6.00001e-06
6.00001e-06
6.00001e-06
6.00001e-06
6.00001e-06
6.00001e-06
6.00001e-06
6.00001e-06
6.00001e-06
6.00001e-06
6.00001e-06
6.00001e-06
6.00001e-06
6.00001e-06
6.00001e-06
6.00001e-06
6.00001e-06
6.00001e-06
6.00001e-06
6.00001e-06
6.00001e-06
6.00001e-06
6.00001e-06
6.00001e-06
6.00001e-06
6.00001e-06
6.00001e-06
6.00001e-06
6.00001e-06
6.00001e-06
6.00001e-06
6.00001e-06
6.00001e-06
6.00001e-06
6.00001e-06
6.00001e-06
6.00001e-06
6.00001e-06
6.00001e-06
6.00001e-06
6.00001e-06
6.00001e-06
6.00001e-06
6.00001e-06
6.00001e-06
6.00001e-06
6.00001e-06
6.00001e-06
6.00001e-06
6.00001e-06
6.00001e-06
6.00001e-06
6.00001e-06
6.00001e-06
6.00001e-06
6.00001e-06
6.00001e-06
6.00001e-06
6.00001e-06
6.00001e-06
6.00001e-06
6.00001e-06
6.00001e-06
6.00001e-06
6.00001e-06
6.00001e-06
6.00001e-06
6.00001e-06
6.00001e-06
6.00001e-06
6.00001e-06
6.00001e-06
6.00001e-06
6.00001e-06
6.00001e-06
6.00001e-06
6.00001e-06
6.00001e-06
6.00001e-06
6.00001e-06
6.00001e-06
6.00001e-06
6.00001e-06
6.00001e-06
6.00001e-06
6.00001e-06
6.00001e-06
6.00001e-06
6.00001e-06
6.00001e-06
6.00001e-06
6.00001e-06
6.00001e-06
6.00001e-06
6.00001e-06
6.00001e-06
6.00001e-06
6.00001e-06
6.00001e-06
6.00001e-06
6.00001e-06
6.00001e-06
6.00001e-06
6.00001e-06
6.00001e-06
6.00001e-06
6.00001e-06
6.00001e-06
6.00001e-06
6.00001e-06
6.00001e-06
6.00001e-06
6.00001e-06
6.00001e-06
6.00001e-06
6.00001e-06
6.00001e-06
6.00001e-06
6.00001e-06
6.00001e-06
6.00001e-06
6.00001e-06
6.00001e-06
6.00001e-06
6.00001e-06
6.00001e-06
6.00001e-06
6.00001e-06
6.00001e-06
6.00001e-06
6.00001e-06
6.00001e-06
6.00001e-06
6.00001e-06
6.00001e-06
6.00001e-06
6.00001e-06
6.00001e-06
6.00001e-06
6.00001e-06
6.00001e-06
6.00001e-06
6.00001e-06
6.00001e-06
6.00001e-06
6.00001e-06
6.00001e-06
6.00001e-06
6.00001e-06
6.00001e-06
6.00001e-06
6.00001e-06
6.00001e-06
6.00001e-06
6.00001e-06
6.00001e-06
6.00001e-06
6.00001e-06
6.00001e-06
6.00001e-06
6.00001e-06
6.00001e-06
6.00001e-06
6.00001e-06
6.00001e-06
6.00001e-06
6.00001e-06
6.00001e-06
6.00001e-06
6.00001e-06
6.00001e-06
6.00001e-06
6.00001e-06
6.00001e-06
6.00001e-06
6.00001e-06
6.00001e-06
6.00001e-06
6.00001e-06
6.00001e-06
6.00001e-06
6.00001e-06
6.00001e-06
6.00001e-06
6.00001e-06
6.00001e-06
6.00001e-06
6.00001e-06
6.00001e-06
6.00001e-06
6.00001e-06
6.00001e-06
6.00001e-06
6.00001e-06
6.00001e-06
6.00001e-06
6.00001e-06
6.00001e-06
6.00001e-06
6.00001e-06
6.00001e-06
6.00001e-06
6.00001e-06
6.00001e-06
6.00001e-06
6.00001e-06
6.00001e-06
6.00001e-06
6.00001e-06
6.00001e-06
6.00001e-06
6.00001e-06
6.00001e-06
6.00001e-06
6.00001e-06
6.00001e-06
6.00001e-06
6.00001e-06
6.00001e-06
6.00001e-06
6.00001e-06
6.00001e-06
6.00001e-06
6.00001e-06
6.00001e-06
6.00001e-06
6.00001e-06
6.00001e-06
6.00001e-06
6.00001e-06
6.00001e-06
6.00001e-06
6.00001e-06
6.00001e-06
6.00001e-06
6.00001e-06
6.00001e-06
6.00001e-06
6.00001e-06
6.00001e-06
6.00001e-06
6.00001e-06
6.00001e-06
6.00001e-06
6.00001e-06
6.00001e-06
6.00001e-06
6.00001e-06
6.00001e-06
6.00001e-06
6.00001e-06
6.00001e-06
6.00001e-06
6.00001e-06
6.00001e-06
6.00001e-06
6.00001e-06
6.00001e-06
6.00001e-06
6.00001e-06
6.00001e-06
6.00001e-06
6.00001e-06
6.00001e-06
6.00001e-06
6.00001e-06
6.00001e-06
6.00001e-06
6.00001e-06
6.00001e-06
6.00001e-06
6.00001e-06
6.00001e-06
6.00001e-06
6.00001e-06
6.00001e-06
6.00001e-06
6.00001e-06
6.00001e-06
6.00001e-06
6.00001e-06
6.00001e-06
6.00001e-06
6.00001e-06
6.00001e-06
6.00001e-06
6.00001e-06
6.00001e-06
6.00001e-06
6.00001e-06
6.00001e-06
6.00001e-06
6.00001e-06
6.00001e-06
6.00001e-06
6.00001e-06
6.00001e-06
6.00001e-06
6.00001e-06
6.00001e-06
6.00001e-06
6.00001e-06
6.00001e-06
6.00001e-06
6.00001e-06
6.00001e-06
6.00001e-06
6.00001e-06
6.00001e-06
6.00001e-06
6.00001e-06
6.00001e-06
6.00001e-06
6.00001e-06
6.00001e-06
6.00001e-06
6.00001e-06
6.00001e-06
6.00001e-06
6.00001e-06
6.00001e-06
6.00001e-06
6.00001e-06
6.00001e-06
6.00001e-06
6.00001e-06
6.00001e-06
6.00001e-06
6.00001e-06
6.00001e-06
6.00001e-06
6.00001e-06
6.00001e-06
6.00001e-06
6.00001e-06
6.00001e-06
6.00001e-06
6.00001e-06
6.00001e-06
6.00001e-06
6.00001e-06
6.00001e-06
6.00001e-06
6.00001e-06
6.00001e-06
6.00001e-06
6.00001e-06
6.00001e-06
6.00001e-06
6.00001e-06
6.00001e-06
6.00001e-06
6.00001e-06
6.00001e-06
6.00001e-06
6.00001e-06
6.00001e-06
6.00001e-06
6.00001e-06
6.00001e-06
6.00001e-06
6.00001e-06
6.00001e-06
6.00001e-06
6.00001e-06
6.00001e-06
6.00001e-06
6.00001e-06
6.00001e-06
6.00001e-06
6.00001e-06
6.00001e-06
6.00001e-06
6.00001e-06
6.00001e-06
6.00001e-06
6.00001e-06
6.00001e-06
6.00001e-06
6.00001e-06
6.00001e-06
6.00001e-06
6.00001e-06
6.00001e-06
6.00001e-06
6.00001e-06
6.00001e-06
6.00001e-06
6.00001e-06
6.00001e-06
6.00001e-06
6.00001e-06
6.00001e-06
6.00001e-06
6.00001e-06
6.00001e-06
6.00001e-06
6.00001e-06
6.00001e-06
6.00001e-06
6.00001e-06
6.00001e-06
6.00001e-06
6.00001e-06
6.00001e-06
6.00001e-06
6.00001e-06
6.00001e-06
6.00001e-06
6.00001e-06
6.00001e-06
6.00001e-06
6.00001e-06
6.00001e-06
6.00001e-06
6.00001e-06
6.00001e-06
6.00001e-06
6.00001e-06
6.00001e-06
6.00001e-06
6.00001e-06
6.00001e-06
6.00001e-06
6.00001e-06
6.00001e-06
6.00001e-06
6.00001e-06
6.00001e-06
6.00001e-06
6.00001e-06
6.00001e-06
6.00001e-06
6.00001e-06
6.00001e-06
6.00001e-06
6.00001e-06
6.00001e-06
6.00001e-06
6.00001e-06
6.00001e-06
6.00001e-06
6.00001e-06
6.00001e-06
6.00001e-06
6.00001e-06
6.00001e-06
6.00001e-06
6.00001e-06
6.00001e-06
6.00001e-06
6.00001e-06
6.00001e-06
6.00001e-06
6.00001e-06
6.00001e-06
6.00001e-06
6.00001e-06
6.00001e-06
6.00001e-06
6.00001e-06
6.00001e-06
6.00001e-06
6.00001e-06
6.00001e-06
6.00001e-06
6.00001e-06
6.00001e-06
6.00001e-06
6.00001e-06
6.00001e-06
6.00001e-06
6.00001e-06
6.00001e-06
6.00001e-06
6.00001e-06
6.00001e-06
6.00001e-06
6.00001e-06
6.00001e-06
6.00001e-06
6.00001e-06
6.00001e-06
6.00001e-06
6.00001e-06
6.00001e-06
6.00001e-06
6.00001e-06
6.00001e-06
6.00001e-06
6.00001e-06
6.00001e-06
6.00001e-06
6.00001e-06
6.00001e-06
6.00001e-06
6.00001e-06
6.00001e-06
6.00001e-06
6.00001e-06
6.00001e-06
6.00001e-06
6.00001e-06
6.00001e-06
6.00001e-06
6.00001e-06
6.00001e-06
6.00001e-06
6.00001e-06
6.00001e-06
6.00001e-06
6.00001e-06
6.00001e-06
6.00001e-06
6.00001e-06
6.00001e-06
6.00001e-06
6.00001e-06
6.00001e-06
6.00001e-06
6.00001e-06
6.00001e-06
6.00001e-06
6.00001e-06
6.00001e-06
6.00001e-06
6.00001e-06
6.00001e-06
6.00001e-06
6.00001e-06
6.00001e-06
6.00001e-06
6.00001e-06
6.00001e-06
6.00001e-06
6.00001e-06
6.00001e-06
6.00001e-06
6.00001e-06
6.00001e-06
6.00001e-06
6.00001e-06
6.00001e-06
6.00001e-06
6.00001e-06
6.00001e-06
6.00001e-06
6.00001e-06
6.00001e-06
6.00001e-06
6.00001e-06
6.00001e-06
6.00001e-06
6.00001e-06
6.00001e-06
6.00001e-06
6.00001e-06
6.00001e-06
6.00001e-06
6.00001e-06
6.00001e-06
6.00001e-06
6.00001e-06
6.00001e-06
6.00001e-06
6.00001e-06
6.00001e-06
6.00001e-06
6.00001e-06
6.00001e-06
6.00001e-06
6.00001e-06
6.00001e-06
6.00001e-06
6.00001e-06
6.00001e-06
6.00001e-06
6.00001e-06
6.00001e-06
6.00001e-06
6.00001e-06
6.00001e-06
6.00001e-06
6.00001e-06
6.00001e-06
6.00001e-06
6.00001e-06
6.00001e-06
6.00001e-06
6.00001e-06
6.00001e-06
6.00001e-06
6.00001e-06
6.00001e-06
6.00001e-06
6.00001e-06
6.00001e-06
6.00001e-06
6.00001e-06
6.00001e-06
6.00001e-06
6.00001e-06
6.00001e-06
6.00001e-06
6.00001e-06
6.00001e-06
6.00001e-06
6.00001e-06
6.00001e-06
6.00001e-06
6.00001e-06
6.00001e-06
6.00001e-06
6.00001e-06
6.00001e-06
6.00001e-06
6.00001e-06
6.00001e-06
6.00001e-06
6.00001e-06
6.00001e-06
6.00001e-06
6.00001e-06
6.00001e-06
6.00001e-06
6.00001e-06
6.00001e-06
6.00001e-06
6.00001e-06
6.00001e-06
6.00001e-06
6.00001e-06
6.00001e-06
6.00001e-06
6.00001e-06
6.00001e-06
6.00001e-06
6.00001e-06
6.00001e-06
6.00001e-06
6.00001e-06
6.00001e-06
6.00001e-06
6.00001e-06
6.00001e-06
6.00001e-06
6.00001e-06
6.00001e-06
6.00001e-06
6.00001e-06
6.00001e-06
6.00001e-06
6.00001e-06
6.00001e-06
6.00001e-06
6.00001e-06
6.00001e-06
6.00001e-06
6.00001e-06
6.00001e-06
6.00001e-06
6.00001e-06
6.00001e-06
6.00001e-06
6.00001e-06
6.00001e-06
6.00001e-06
6.00001e-06
6.00001e-06
6.00001e-06
6.00001e-06
6.00001e-06
6.00001e-06
6.00001e-06
6.00001e-06
6.00001e-06
6.00001e-06
6.00001e-06
6.00001e-06
6.00001e-06
6.00001e-06
6.00001e-06
6.00001e-06
6.00001e-06
6.00001e-06
6.00001e-06
6.00001e-06
6.00001e-06
6.00001e-06
6.00001e-06
6.00001e-06
6.00001e-06
6.00001e-06
6.00001e-06
6.00001e-06
6.00001e-06
6.00001e-06
6.00001e-06
6.00001e-06
6.00001e-06
6.00001e-06
6.00001e-06
6.00001e-06
6.00001e-06
6.00001e-06
6.00001e-06
6.00001e-06
6.00001e-06
6.00001e-06
6.00001e-06
6.00001e-06
6.00001e-06
6.00001e-06
6.00001e-06
6.00001e-06
6.00001e-06
6.00001e-06
6.00001e-06
6.00001e-06
6.00001e-06
6.00001e-06
6.00001e-06
6.00001e-06
6.00001e-06
6.00001e-06
6.00001e-06
6.00001e-06
6.00001e-06
6.00001e-06
6.00001e-06
6.00001e-06
6.00001e-06
6.00001e-06
6.00001e-06
6.00001e-06
6.00001e-06
6.00001e-06
6.00001e-06
6.00001e-06
6.00001e-06
6.00001e-06
6.00001e-06
6.00001e-06
6.00001e-06
6.00001e-06
6.00001e-06
6.00001e-06
6.00001e-06
6.00001e-06
6.00001e-06
6.00001e-06
6.00001e-06
6.00001e-06
6.00001e-06
6.00001e-06
6.00001e-06
6.00001e-06
6.00001e-06
6.00001e-06
6.00001e-06
6.00001e-06
6.00001e-06
6.00001e-06
6.00001e-06
6.00001e-06
6.00001e-06
6.00001e-06
6.00001e-06
6.00001e-06
6.00001e-06
6.00001e-06
6.00001e-06
6.00001e-06
6.00001e-06
6.00001e-06
6.00001e-06
6.00001e-06
6.00001e-06
6.00001e-06
6.00001e-06
6.00001e-06
6.00001e-06
6.00001e-06
6.00001e-06
6.00001e-06
6.00001e-06
6.00001e-06
6.00001e-06
6.00001e-06
6.00001e-06
6.00001e-06
6.00001e-06
6.00001e-06
6.00001e-06
6.00001e-06
6.00001e-06
6.00001e-06
6.00001e-06
6.00001e-06
6.00001e-06
6.00001e-06
6.00001e-06
6.00001e-06
6.00001e-06
6.00001e-06
6.00001e-06
6.00001e-06
6.00001e-06
6.00001e-06
6.00001e-06
6.00001e-06
6.00001e-06
6.00001e-06
6.00001e-06
6.00001e-06
6.00001e-06
6.00001e-06
6.00001e-06
6.00001e-06
6.00001e-06
6.00001e-06
6.00001e-06
6.00001e-06
6.00001e-06
6.00001e-06
6.00001e-06
6.00001e-06
6.00001e-06
6.00001e-06
6.00001e-06
6.00001e-06
6.00001e-06
6.00001e-06
6.00001e-06
6.00001e-06
6.00001e-06
6.00001e-06
6.00001e-06
6.00001e-06
6.00001e-06
6.00001e-06
6.00001e-06
6.00001e-06
6.00001e-06
6.00001e-06
6.00001e-06
6.00001e-06
6.00001e-06
6.00001e-06
6.00001e-06
6.00001e-06
6.00001e-06
6.00001e-06
6.00001e-06
6.00001e-06
6.00001e-06
6.00001e-06
6.00001e-06
6.00001e-06
6.00001e-06
6.00001e-06
6.00001e-06
6.00001e-06
6.00001e-06
6.00001e-06
6.00001e-06
6.00001e-06
6.00001e-06
6.00001e-06
6.00001e-06
6.00001e-06
6.00001e-06
6.00001e-06
6.00001e-06
6.00001e-06
6.00001e-06
6.00001e-06
6.00001e-06
6.00001e-06
6.00001e-06
6.00001e-06
6.00001e-06
6.00001e-06
6.00001e-06
6.00001e-06
6.00001e-06
6.00001e-06
6.00001e-06
6.00001e-06
6.00001e-06
6.00001e-06
6.00001e-06
6.00001e-06
6.00001e-06
6.00001e-06
6.00001e-06
6.00001e-06
6.00001e-06
6.00001e-06
6.00001e-06
6.00001e-06
6.00001e-06
6.00001e-06
6.00001e-06
6.00001e-06
6.00001e-06
6.00001e-06
6.00001e-06
6.00001e-06
6.00001e-06
6.00001e-06
6.00001e-06
6.00001e-06
6.00001e-06
6.00001e-06
6.00001e-06
6.00001e-06
6.00001e-06
6.00001e-06
6.00001e-06
6.00001e-06
6.00001e-06
6.00001e-06
6.00001e-06
6.00001e-06
6.00001e-06
6.00001e-06
6.00001e-06
6.00001e-06
6.00001e-06
6.00001e-06
6.00001e-06
6.00001e-06
6.00001e-06
6.00001e-06
6.00001e-06
6.00001e-06
6.00001e-06
6.00001e-06
6.00001e-06
6.00001e-06
6.00001e-06
6.00001e-06
6.00001e-06
6.00001e-06
6.00001e-06
6.00001e-06
6.00001e-06
6.00001e-06
6.00001e-06
6.00001e-06
6.00001e-06
6.00001e-06
6.00001e-06
6.00001e-06
6.00001e-06
6.00001e-06
6.00001e-06
6.00001e-06
6.00001e-06
6.00001e-06
6.00001e-06
6.00001e-06
6.00001e-06
6.00001e-06
6.00001e-06
6.00001e-06
6.00001e-06
6.00001e-06
6.00001e-06
6.00001e-06
6.00001e-06
6.00001e-06
6.00001e-06
6.00001e-06
6.00001e-06
6.00001e-06
6.00001e-06
6.00001e-06
6.00001e-06
6.00001e-06
6.00001e-06
6.00001e-06
6.00001e-06
6.00001e-06
6.00001e-06
6.00001e-06
6.00001e-06
6.00001e-06
6.00001e-06
6.00001e-06
6.00001e-06
6.00001e-06
6.00001e-06
6.00001e-06
6.00001e-06
6.00001e-06
6.00001e-06
6.00001e-06
6.00001e-06
6.00001e-06
6.00001e-06
6.00001e-06
6.00001e-06
6.00001e-06
6.00001e-06
6.00001e-06
6.00001e-06
6.00001e-06
6.00001e-06
6.00001e-06
6.00001e-06
6.00001e-06
6.00001e-06
6.00001e-06
6.00001e-06
6.00001e-06
6.00001e-06
6.00001e-06
6.00001e-06
6.00001e-06
6.00001e-06
6.00001e-06
6.00001e-06
6.00001e-06
6.00001e-06
6.00001e-06
6.00001e-06
6.00001e-06
6.00001e-06
6.00001e-06
6.00001e-06
6.00001e-06
6.00001e-06
6.00001e-06
6.00001e-06
6.00001e-06
6.00001e-06
6.00001e-06
6.00001e-06
6.00001e-06
6.00001e-06
6.00001e-06
6.00001e-06
6.00001e-06
6.00001e-06
6.00001e-06
6.00001e-06
6.00001e-06
6.00001e-06
6.00001e-06
6.00001e-06
6.00001e-06
6.00001e-06
6.00001e-06
6.00001e-06
6.00001e-06
6.00001e-06
6.00001e-06
6.00001e-06
6.00001e-06
6.00001e-06
6.00001e-06
6.00001e-06
6.00001e-06
6.00001e-06
6.00001e-06
6.00001e-06
6.00001e-06
6.00001e-06
6.00001e-06
6.00001e-06
6.00001e-06
6.00001e-06
6.00001e-06
6.00001e-06
6.00001e-06
6.00001e-06
6.00001e-06
6.00001e-06
6.00001e-06
6.00001e-06
6.00001e-06
6.00001e-06
6.00001e-06
6.00001e-06
6.00001e-06
6.00001e-06
6.00001e-06
6.00001e-06
6.00001e-06
6.00001e-06
6.00001e-06
6.00001e-06
6.00001e-06
6.00001e-06
6.00001e-06
6.00001e-06
6.00001e-06
6.00001e-06
6.00001e-06
6.00001e-06
6.00001e-06
6.00001e-06
6.00001e-06
6.00001e-06
6.00001e-06
6.00001e-06
6.00001e-06
6.00001e-06
6.00001e-06
6.00001e-06
6.00001e-06
6.00001e-06
6.00001e-06
6.00001e-06
6.00001e-06
6.00001e-06
6.00001e-06
6.00001e-06
6.00001e-06
6.00001e-06
6.00001e-06
6.00001e-06
6.00001e-06
6.00001e-06
6.00001e-06
6.00001e-06
6.00001e-06
6.00001e-06
6.00001e-06
6.00001e-06
6.00001e-06
6.00001e-06
6.00001e-06
6.00001e-06
6.00001e-06
6.00001e-06
6.00001e-06
6.00001e-06
6.00001e-06
6.00001e-06
6.00001e-06
6.00001e-06
6.00001e-06
6.00001e-06
6.00001e-06
6.00001e-06
6.00001e-06
6.00001e-06
6.00001e-06
6.00001e-06
6.00001e-06
6.00001e-06
6.00001e-06
6.00001e-06
6.00001e-06
6.00001e-06
6.00001e-06
6.00001e-06
6.00001e-06
6.00001e-06
6.00001e-06
6.00001e-06
6.00001e-06
6.00001e-06
6.00001e-06
6.00001e-06
6.00001e-06
6.00001e-06
6.00001e-06
6.00001e-06
6.00001e-06
6.00001e-06
6.00001e-06
6.00001e-06
6.00001e-06
6.00001e-06
6.00001e-06
6.00001e-06
6.00001e-06
6.00001e-06
6.00001e-06
6.00001e-06
6.00001e-06
6.00001e-06
6.00001e-06
6.00001e-06
6.00001e-06
6.00001e-06
6.00001e-06
6.00001e-06
6.00001e-06
6.00001e-06
6.00001e-06
6.00001e-06
6.00001e-06
6.00001e-06
6.00001e-06
6.00001e-06
6.00001e-06
6.00001e-06
6.00001e-06
6.00001e-06
6.00001e-06
6.00001e-06
6.00001e-06
6.00001e-06
6.00001e-06
6.00001e-06
6.00001e-06
6.00001e-06
6.00001e-06
6.00001e-06
6.00001e-06
6.00001e-06
6.00001e-06
6.00001e-06
6.00001e-06
6.00001e-06
6.00001e-06
6.00001e-06
6.00001e-06
6.00001e-06
6.00001e-06
6.00001e-06
6.00001e-06
6.00001e-06
6.00001e-06
6.00001e-06
6.00001e-06
6.00001e-06
6.00001e-06
6.00001e-06
6.00001e-06
6.00001e-06
6.00001e-06
6.00001e-06
6.00001e-06
6.00001e-06
6.00001e-06
6.00001e-06
6.00001e-06
6.00001e-06
6.00001e-06
6.00001e-06
6.00001e-06
6.00001e-06
6.00001e-06
6.00001e-06
6.00001e-06
6.00001e-06
6.00001e-06
6.00001e-06
6.00001e-06
6.00001e-06
6.00001e-06
6.00001e-06
6.00001e-06
6.00001e-06
6.00001e-06
6.00001e-06
6.00001e-06
6.00001e-06
6.00001e-06
6.00001e-06
6.00001e-06
6.00001e-06
6.00001e-06
6.00001e-06
6.00001e-06
6.00001e-06
6.00001e-06
6.00001e-06
6.00001e-06
6.00001e-06
6.00001e-06
6.00001e-06
6.00001e-06
6.00001e-06
6.00001e-06
6.00001e-06
6.00001e-06
6.00001e-06
6.00001e-06
6.00001e-06
6.00001e-06
6.00001e-06
6.00001e-06
6.00001e-06
6.00001e-06
6.00001e-06
6.00001e-06
6.00001e-06
6.00001e-06
6.00001e-06
6.00001e-06
6.00001e-06
6.00001e-06
6.00001e-06
6.00001e-06
6.00001e-06
6.00001e-06
6.00001e-06
6.00001e-06
6.00001e-06
6.00001e-06
6.00001e-06
6.00001e-06
6.00001e-06
6.00001e-06
6.00001e-06
6.00001e-06
6.00001e-06
6.00001e-06
6.00001e-06
6.00001e-06
6.00001e-06
6.00001e-06
6.00001e-06
6.00001e-06
6.00001e-06
6.00001e-06
6.00001e-06
6.00001e-06
6.00001e-06
6.00001e-06
6.00001e-06
6.00001e-06
6.00001e-06
6.00001e-06
6.00001e-06
6.00001e-06
6.00001e-06
6.00001e-06
6.00001e-06
6.00001e-06
6.00001e-06
6.00001e-06
6.00001e-06
6.00001e-06
6.00001e-06
6.00001e-06
6.00001e-06
6.00001e-06
6.00001e-06
6.00001e-06
6.00001e-06
6.00001e-06
6.00001e-06
6.00001e-06
6.00001e-06
6.00001e-06
6.00001e-06
6.00001e-06
6.00001e-06
6.00001e-06
6.00001e-06
6.00001e-06
6.00001e-06
6.00001e-06
6.00001e-06
6.00001e-06
6.00001e-06
6.00001e-06
6.00001e-06
6.00001e-06
6.00001e-06
6.00001e-06
6.00001e-06
6.00001e-06
6.00001e-06
6.00001e-06
6.00001e-06
6.00001e-06
6.00001e-06
6.00001e-06
6.00001e-06
6.00001e-06
6.00001e-06
6.00001e-06
6.00001e-06
6.00001e-06
6.00001e-06
6.00001e-06
6.00001e-06
6.00001e-06
6.00001e-06
6.00001e-06
6.00001e-06
6.00001e-06
6.00001e-06
6.00001e-06
6.00001e-06
6.00001e-06
6.00001e-06
6.00001e-06
6.00001e-06
6.00001e-06
6.00001e-06
6.00001e-06
6.00001e-06
6.00001e-06
6.00001e-06
6.00001e-06
6.00001e-06
6.00001e-06
6.00001e-06
6.00001e-06
6.00001e-06
6.00001e-06
6.00001e-06
6.00001e-06
6.00001e-06
6.00001e-06
6.00001e-06
6.00001e-06
6.00001e-06
6.00001e-06
6.00001e-06
6.00001e-06
6.00001e-06
6.00001e-06
6.00001e-06
6.00001e-06
6.00001e-06
6.00001e-06
6.00001e-06
6.00001e-06
6.00001e-06
6.00001e-06
6.00001e-06
6.00001e-06
6.00001e-06
6.00001e-06
6.00001e-06
6.00001e-06
6.00001e-06
6.00001e-06
6.00001e-06
6.00001e-06
6.00001e-06
6.00001e-06
6.00001e-06
6.00001e-06
6.00001e-06
6.00001e-06
6.00001e-06
6.00001e-06
6.00001e-06
6.00001e-06
6.00001e-06
6.00001e-06
6.00001e-06
6.00001e-06
6.00001e-06
6.00001e-06
6.00001e-06
6.00001e-06
6.00001e-06
6.00001e-06
6.00001e-06
6.00001e-06
6.00001e-06
6.00001e-06
6.00001e-06
6.00001e-06
6.00001e-06
6.00001e-06
6.00001e-06
6.00001e-06
6.00001e-06
6.00001e-06
6.00001e-06
6.00001e-06
6.00001e-06
6.00001e-06
6.00001e-06
6.00001e-06
6.00001e-06
6.00001e-06
6.00001e-06
6.00001e-06
6.00001e-06
6.00001e-06
6.00001e-06
6.00001e-06
6.00001e-06
6.00001e-06
6.00001e-06
6.00001e-06
6.00001e-06
6.00001e-06
6.00001e-06
6.00001e-06
6.00001e-06
6.00001e-06
6.00001e-06
6.00001e-06
6.00001e-06
6.00001e-06
6.00001e-06
6.00001e-06
6.00001e-06
6.00001e-06
6.00001e-06
6.00001e-06
6.00001e-06
6.00001e-06
6.00001e-06
6.00001e-06
6.00001e-06
6.00001e-06
6.00001e-06
6.00001e-06
6.00001e-06
6.00001e-06
6.00001e-06
6.00001e-06
6.00001e-06
6.00001e-06
6.00001e-06
6.00001e-06
6.00001e-06
6.00001e-06
6.00001e-06
6.00001e-06
6.00001e-06
6.00001e-06
6.00001e-06
6.00001e-06
6.00001e-06
6.00001e-06
6.00001e-06
6.00001e-06
6.00001e-06
6.00001e-06
6.00001e-06
6.00001e-06
6.00001e-06
6.00001e-06
6.00001e-06
6.00001e-06
6.00001e-06
6.00001e-06
6.00001e-06
6.00001e-06
6.00001e-06
6.00001e-06
6.00001e-06
6.00001e-06
6.00001e-06
6.00001e-06
6.00001e-06
6.00001e-06
6.00001e-06
6.00001e-06
6.00001e-06
6.00001e-06
6.00001e-06
6.00001e-06
6.00001e-06
6.00001e-06
6.00001e-06
6.00001e-06
6.00001e-06
6.00001e-06
6.00001e-06
6.00001e-06
6.00001e-06
6.00001e-06
6.00001e-06
6.00001e-06
6.00001e-06
6.00001e-06
6.00001e-06
6.00001e-06
6.00001e-06
6.00001e-06
6.00001e-06
6.00001e-06
6.00001e-06
6.00001e-06
6.00001e-06
6.00001e-06
6.00001e-06
6.00001e-06
6.00001e-06
6.00001e-06
6.00001e-06
6.00001e-06
6.00001e-06
6.00001e-06
6.00001e-06
6.00001e-06
6.00001e-06
6.00001e-06
6.00001e-06
6.00001e-06
6.00001e-06
6.00001e-06
6.00001e-06
6.00001e-06
6.00001e-06
6.00001e-06
6.00001e-06
6.00001e-06
6.00001e-06
6.00001e-06
6.00001e-06
6.00001e-06
6.00001e-06
6.00001e-06
6.00001e-06
6.00001e-06
6.00001e-06
6.00001e-06
6.00001e-06
6.00001e-06
6.00001e-06
6.00001e-06
6.00001e-06
6.00001e-06
6.00001e-06
6.00001e-06
6.00001e-06
6.00001e-06
6.00001e-06
6.00001e-06
6.00001e-06
6.00001e-06
6.00001e-06
6.00001e-06
6.00001e-06
6.00001e-06
6.00001e-06
6.00001e-06
6.00001e-06
6.00001e-06
6.00001e-06
6.00001e-06
6.00001e-06
6.00001e-06
6.00001e-06
6.00001e-06
6.00001e-06
6.00001e-06
6.00001e-06
6.00001e-06
6.00001e-06
6.00001e-06
6.00001e-06
6.00001e-06
6.00001e-06
6.00001e-06
6.00001e-06
6.00001e-06
6.00001e-06
6.00001e-06
6.00001e-06
6.00001e-06
6.00001e-06
6.00001e-06
6.00001e-06
6.00001e-06
6.00001e-06
6.00001e-06
6.00001e-06
6.00001e-06
6.00001e-06
6.00001e-06
6.00001e-06
6.00001e-06
6.00001e-06
6.00001e-06
6.00001e-06
6.00001e-06
6.00001e-06
6.00001e-06
6.00001e-06
6.00001e-06
6.00001e-06
6.00001e-06
6.00001e-06
6.00001e-06
6.00001e-06
6.00001e-06
6.00001e-06
6.00001e-06
6.00001e-06
6.00001e-06
6.00001e-06
6.00001e-06
6.00001e-06
6.00001e-06
6.00001e-06
6.00001e-06
6.00001e-06
6.00001e-06
6.00001e-06
6.00001e-06
6.00001e-06
6.00001e-06
6.00001e-06
6.00001e-06
6.00001e-06
6.00001e-06
6.00001e-06
6.00001e-06
6.00001e-06
6.00001e-06
6.00001e-06
6.00001e-06
6.00001e-06
6.00001e-06
6.00001e-06
6.00001e-06
6.00001e-06
6.00001e-06
6.00001e-06
6.00001e-06
6.00001e-06
6.00001e-06
6.00001e-06
6.00001e-06
6.00001e-06
6.00001e-06
6.00001e-06
6.00001e-06
6.00001e-06
6.00001e-06
6.00001e-06
6.00001e-06
6.00001e-06
6.00001e-06
6.00001e-06
6.00001e-06
6.00001e-06
6.00001e-06
6.00001e-06
6.00001e-06
6.00001e-06
6.00001e-06
6.00001e-06
6.00001e-06
6.00001e-06
6.00001e-06
6.00001e-06
6.00001e-06
6.00001e-06
6.00001e-06
6.00001e-06
6.00001e-06
6.00001e-06
6.00001e-06
6.00001e-06
6.00001e-06
6.00001e-06
6.00001e-06
6.00001e-06
6.00001e-06
6.00001e-06
6.00001e-06
6.00001e-06
6.00001e-06
6.00001e-06
6.00001e-06
6.00001e-06
6.00001e-06
6.00001e-06
6.00001e-06
6.00001e-06
6.00001e-06
6.00001e-06
6.00001e-06
6.00001e-06
6.00001e-06
6.00001e-06
6.00001e-06
6.00001e-06
6.00001e-06
6.00001e-06
6.00001e-06
6.00001e-06
6.00001e-06
6.00001e-06
6.00001e-06
6.00001e-06
6.00001e-06
6.00001e-06
6.00001e-06
6.00001e-06
6.00001e-06
6.00001e-06
6.00001e-06
6.00001e-06
6.00001e-06
6.00001e-06
6.00001e-06
6.00001e-06
6.00001e-06
6.00001e-06
6.00001e-06
6.00001e-06
6.00001e-06
6.00001e-06
6.00001e-06
6.00001e-06
6.00001e-06
6.00001e-06
6.00001e-06
6.00001e-06
6.00001e-06
6.00001e-06
6.00001e-06
6.00001e-06
6.00001e-06
6.00001e-06
6.00001e-06
6.00001e-06
6.00001e-06
6.00001e-06
6.00001e-06
6.00001e-06
6.00001e-06
6.00001e-06
6.00001e-06
6.00001e-06
6.00001e-06
6.00001e-06
6.00001e-06
6.00001e-06
6.00001e-06
6.00001e-06
6.00001e-06
6.00001e-06
6.00001e-06
6.00001e-06
6.00001e-06
6.00001e-06
6.00001e-06
6.00001e-06
6.00001e-06
6.00001e-06
6.00001e-06
6.00001e-06
6.00001e-06
6.00001e-06
6.00001e-06
6.00001e-06
6.00001e-06
6.00001e-06
6.00001e-06
6.00001e-06
6.00001e-06
6.00001e-06
6.00001e-06
6.00001e-06
6.00001e-06
6.00001e-06
6.00001e-06
6.00001e-06
6.00001e-06
6.00001e-06
6.00001e-06
6.00001e-06
6.00001e-06
6.00001e-06
6.00001e-06
6.00001e-06
6.00001e-06
6.00001e-06
6.00001e-06
6.00001e-06
6.00001e-06
6.00001e-06
6.00001e-06
6.00001e-06
6.00001e-06
6.00001e-06
6.00001e-06
6.00001e-06
6.00001e-06
6.00001e-06
6.00001e-06
6.00001e-06
6.00001e-06
6.00001e-06
6.00001e-06
6.00001e-06
6.00001e-06
6.00001e-06
6.00001e-06
6.00001e-06
6.00001e-06
6.00001e-06
6.00001e-06
6.00001e-06
6.00001e-06
6.00001e-06
6.00001e-06
6.00001e-06
6.00001e-06
6.00001e-06
6.00001e-06
6.00001e-06
6.00001e-06
6.00001e-06
6.00001e-06
6.00001e-06
6.00001e-06
6.00001e-06
6.00001e-06
6.00001e-06
6.00001e-06
6.00001e-06
6.00001e-06
6.00001e-06
6.00001e-06
6.00001e-06
6.00001e-06
6.00001e-06
6.00001e-06
6.00001e-06
6.00001e-06
6.00001e-06
6.00001e-06
6.00001e-06
6.00001e-06
6.00001e-06
6.00001e-06
6.00001e-06
6.00001e-06
6.00001e-06
6.00001e-06
6.00001e-06
6.00001e-06
6.00001e-06
6.00001e-06
6.00001e-06
6.00001e-06
6.00001e-06
6.00001e-06
6.00001e-06
6.00001e-06
6.00001e-06
6.00001e-06
6.00001e-06
6.00001e-06
6.00001e-06
6.00001e-06
6.00001e-06
6.00001e-06
6.00001e-06
6.00001e-06
6.00001e-06
6.00001e-06
6.00001e-06
6.00001e-06
6.00001e-06
6.00001e-06
6.00001e-06
6.00001e-06
6.00001e-06
6.00001e-06
6.00001e-06
6.00001e-06
6.00001e-06
6.00001e-06
6.00001e-06
6.00001e-06
6.00001e-06
6.00001e-06
6.00001e-06
6.00001e-06
6.00001e-06
6.00001e-06
6.00001e-06
6.00001e-06
6.00001e-06
6.00001e-06
6.00001e-06
6.00001e-06
6.00001e-06
6.00001e-06
6.00001e-06
6.00001e-06
6.00001e-06
6.00001e-06
6.00001e-06
6.00001e-06
6.00001e-06
6.00001e-06
6.00001e-06
6.00001e-06
6.00001e-06
6.00001e-06
6.00001e-06
6.00001e-06
6.00001e-06
6.00001e-06
6.00001e-06
6.00001e-06
6.00001e-06
6.00001e-06
6.00001e-06
6.00001e-06
6.00001e-06
6.00001e-06
6.00001e-06
6.00001e-06
6.00001e-06
6.00001e-06
6.00001e-06
6.00001e-06
6.00001e-06
6.00001e-06
6.00001e-06
6.00001e-06
6.00001e-06
6.00001e-06
6.00001e-06
6.00001e-06
6.00001e-06
6.00001e-06
6.00001e-06
6.00001e-06
6.00001e-06
6.00001e-06
6.00001e-06
6.00001e-06
6.00001e-06
6.00001e-06
6.00001e-06
6.00001e-06
6.00001e-06
6.00001e-06
6.00001e-06
6.00001e-06
6.00001e-06
6.00001e-06
6.00001e-06
6.00001e-06
6.00001e-06
6.00001e-06
6.00001e-06
6.00001e-06
6.00001e-06
6.00001e-06
6.00001e-06
6.00001e-06
6.00001e-06
6.00001e-06
6.00001e-06
6.00001e-06
6.00001e-06
6.00001e-06
6.00001e-06
6.00001e-06
6.00001e-06
6.00001e-06
6.00001e-06
6.00001e-06
6.00001e-06
6.00001e-06
6.00001e-06
6.00001e-06
6.00001e-06
6.00001e-06
6.00001e-06
6.00001e-06
6.00001e-06
6.00001e-06
6.00001e-06
6.00001e-06
6.00001e-06
6.00001e-06
6.00001e-06
6.00001e-06
6.00001e-06
6.00001e-06
6.00001e-06
6.00001e-06
6.00001e-06
6.00001e-06
6.00001e-06
6.00001e-06
6.00001e-06
6.00001e-06
6.00001e-06
6.00001e-06
6.00001e-06
6.00001e-06
6.00001e-06
6.00001e-06
6.00001e-06
6.00001e-06
6.00001e-06
6.00001e-06
6.00001e-06
6.00001e-06
6.00001e-06
6.00001e-06
6.00001e-06
6.00001e-06
6.00001e-06
6.00001e-06
6.00001e-06
6.00001e-06
6.00001e-06
6.00001e-06
6.00001e-06
6.00001e-06
6.00001e-06
6.00001e-06
6.00001e-06
6.00001e-06
6.00001e-06
6.00001e-06
6.00001e-06
6.00001e-06
6.00001e-06
6.00001e-06
6.00001e-06
6.00001e-06
6.00001e-06
6.00001e-06
6.00001e-06
6.00001e-06
6.00001e-06
6.00001e-06
6.00001e-06
6.00001e-06
6.00001e-06
6.00001e-06
6.00001e-06
6.00001e-06
6.00001e-06
6.00001e-06
6.00001e-06
6.00001e-06
6.00001e-06
6.00001e-06
6.00001e-06
6.00001e-06
6.00001e-06
6.00001e-06
6.00001e-06
6.00001e-06
6.00001e-06
6.00001e-06
6.00001e-06
6.00001e-06
6.00001e-06
6.00001e-06
6.00001e-06
6.00001e-06
6.00001e-06
6.00001e-06
6.00001e-06
6.00001e-06
6.00001e-06
6.00001e-06
6.00001e-06
6.00001e-06
6.00001e-06
6.00001e-06
6.00001e-06
6.00001e-06
6.00001e-06
6.00001e-06
6.00001e-06
6.00001e-06
6.00001e-06
6.00001e-06
6.00001e-06
6.00001e-06
6.00001e-06
6.00001e-06
6.00001e-06
6.00001e-06
6.00001e-06
6.00001e-06
6.00001e-06
6.00001e-06
6.00001e-06
6.00001e-06
6.00001e-06
6.00001e-06
6.00001e-06
6.00001e-06
6.00001e-06
6.00001e-06
6.00001e-06
6.000009999999999e-06
6.000009999999999e-06
6.000009999999999e-06
6.000009999999999e-06
6.000009999999999e-06
6.00001e-06
6.00001e-06
6.00001e-06
6.00001e-06
6.00001e-06
6.00001e-06
6.00001e-06
6.00001e-06
6.00001e-06
6.00001e-06
6.00001e-06
6.00001e-06
6.00001e-06
6.000010000000001e-06
6.000010000000001e-06
6.00001e-06
6.00001e-06
6.000009999999999e-06
6.00001e-06
6.00001e-06
6.00001e-06
6.00001e-06
6.00001e-06
6.00001e-06
6.000010000000001e-06
6.000009999999999e-06
6.00001e-06
6.00001e-06
6.00001e-06
6.00001e-06
6.00001e-06
6.00001e-06
6.00001e-06
6.000009999999999e-06
6.00001e-06
6.00001e-06
6.00001e-06
6.00001e-06
6.00001e-06
6.00001e-06
6.00001e-06
6.000010000000001e-06
6.00001e-06
6.00001e-06
6.00001e-06
6.00001e-06
6.000010000000001e-06
6.00001e-06
6.00001e-06
6.00001e-06
6.000009999999999e-06
6.000010000000001e-06
6.00001e-06
6.000009999999999e-06
6.000009999999999e-06
6.00001e-06
6.00001e-06
6.00001e-06
6.00001e-06
6.00001e-06
6.00001e-06
6.00001e-06
6.000009999999999e-06
6.00001e-06
6.00001e-06
6.00001e-06
6.000010000000001e-06
6.00001e-06
6.00001e-06
6.00001e-06
6.00001e-06
6.00001e-06
6.00001e-06
6.00001e-06
6.00001e-06
6.00001e-06
6.00001e-06
6.00001e-06
6.00001e-06
6.00001e-06
6.00001e-06
6.00001e-06
6.00001e-06
6.000010000000001e-06
6.00001e-06
6.00001e-06
6.00001e-06
6.00001e-06
6.00001e-06
6.00001e-06
6.00001e-06
6.00001e-06
6.00001e-06
6.00001e-06
6.00001e-06
6.00001e-06
6.000009999999999e-06
6.000009999999999e-06
6.00001e-06
6.00001e-06
6.00001e-06
6.00001e-06
6.00001e-06
6.00001e-06
6.00001e-06
6.00001e-06
6.00001e-06
6.000009999999999e-06
6.00001e-06
6.00001e-06
6.00001e-06
6.00001e-06
6.00001e-06
6.00001e-06
6.00001e-06
6.00001e-06
6.00001e-06
6.00001e-06
6.00001e-06
6.00001e-06
6.00001e-06
6.00001e-06
6.00001e-06
6.00001e-06
6.00001e-06
6.00001e-06
6.00001e-06
6.00001e-06
6.00001e-06
6.00001e-06
6.00001e-06
6.00001e-06
6.00001e-06
6.00001e-06
6.00001e-06
6.000010000000001e-06
6.00001e-06
6.00001e-06
6.00001e-06
6.00001e-06
6.000009999999999e-06
6.00001e-06
6.00001e-06
6.00001e-06
6.00001e-06
6.000009999999999e-06
6.00001e-06
6.000010000000001e-06
6.00001e-06
6.00001e-06
6.00001e-06
6.000010000000001e-06
6.00001e-06
6.000009999999999e-06
6.000010000000001e-06
6.000010000000001e-06
6.00001e-06
6.00001e-06
6.00001e-06
6.00001e-06
6.00001e-06
6.000009999999999e-06
6.00001e-06
6.00001e-06
6.00001e-06
6.00001e-06
6.00001e-06
6.00001e-06
6.00001e-06
6.00001e-06
6.00001e-06
6.000009999999999e-06
6.00001e-06
6.00001e-06
6.000010000000001e-06
6.00001e-06
6.00001e-06
6.00001e-06
6.00001e-06
6.00001e-06
6.000010000000001e-06
6.00001e-06
6.00001e-06
6.00001e-06
6.00001e-06
6.00001e-06
6.00001e-06
6.00001e-06
6.000010000000001e-06
6.00001e-06
6.00001e-06
6.00001e-06
6.00001e-06
6.00001e-06
6.00001e-06
6.00001e-06
6.00001e-06
6.000009999999999e-06
6.000009999999999e-06
6.00001e-06
6.000009999999999e-06
6.00001e-06
6.00001e-06
6.00001e-06
6.00001e-06
6.00001e-06
6.00001e-06
6.00001e-06
6.00001e-06
6.00001e-06
6.000010000000001e-06
6.00001e-06
6.000010000000001e-06
6.00001e-06
6.00001e-06
6.00001e-06
6.00001e-06
6.000009999999999e-06
6.000009999999999e-06
6.00001e-06
6.00001e-06
6.00001e-06
6.00001e-06
6.00001e-06
6.000009999999999e-06
6.00001e-06
6.000009999999999e-06
6.00001e-06
6.00001e-06
6.00001e-06
6.00001e-06
6.00001e-06
6.00001e-06
6.00001e-06
6.00001e-06
6.00001e-06
6.000009999999999e-06
6.00001e-06
6.00001e-06
6.00001e-06
6.00001e-06
6.00001e-06
6.000010000000001e-06
6.00001e-06
6.00001e-06
6.00001e-06
6.00001e-06
6.00001e-06
6.000010000000001e-06
6.000010000000001e-06
6.00001e-06
6.00001e-06
6.00001e-06
6.000010000000001e-06
6.00001e-06
6.00001e-06
6.00001e-06
6.00001e-06
6.00001e-06
6.00001e-06
6.00001e-06
6.00001e-06
6.000009999999999e-06
6.00001e-06
6.00001e-06
6.00001e-06
6.000009999999999e-06
6.00001e-06
6.00001e-06
6.000009999999999e-06
6.00001e-06
6.000010000000001e-06
6.00001e-06
6.00001e-06
6.00001e-06
6.00001e-06
6.00001e-06
6.00001e-06
6.00001e-06
6.00001e-06
6.00001e-06
6.000009999999999e-06
6.000009999999999e-06
6.00001e-06
6.000010000000001e-06
6.00001e-06
6.000010000000001e-06
6.00001e-06
6.00001e-06
6.00001e-06
6.00001e-06
6.000009999999999e-06
6.000009999999999e-06
6.00001e-06
6.000009999999999e-06
6.00001e-06
6.00001e-06
6.00001e-06
6.00001e-06
6.00001e-06
6.00001e-06
6.000010000000001e-06
6.000010000000001e-06
6.00001e-06
6.000009999999999e-06
6.000009999999999e-06
6.00001e-06
6.00001e-06
6.00001e-06
6.00001e-06
6.000010000000001e-06
6.000009999999999e-06
6.00001e-06
6.00001e-06
6.00001e-06
6.000009999999999e-06
6.00001e-06
6.00001e-06
6.00001e-06
6.00001e-06
6.000009999999999e-06
6.00001e-06
6.00001e-06
6.000009999999999e-06
6.000009999999999e-06
6.00001e-06
6.00001e-06
6.00001e-06
6.00001e-06
6.00001e-06
6.00001e-06
6.00001e-06
6.00001e-06
6.00001e-06
6.00001e-06
6.000010000000001e-06
6.00001e-06
6.00001e-06
6.00001e-06
6.000009999999999e-06
6.00001e-06
6.00001e-06
6.00001e-06
6.00001e-06
6.00001e-06
6.00001e-06
6.00001e-06
6.00001e-06
6.00001e-06
6.00001e-06
6.000009999999999e-06
6.000009999999999e-06
6.00001e-06
6.00001e-06
6.00001e-06
6.000009999999999e-06
6.000010000000001e-06
6.00001e-06
6.00001e-06
6.00001e-06
6.000009999999999e-06
6.00001e-06
6.00001e-06
6.00001e-06
6.00001e-06
6.00001e-06
6.00001e-06
6.00001e-06
6.00001e-06
6.00001e-06
6.00001e-06
6.00001e-06
6.00001e-06
6.00001e-06
6.00001e-06
6.00001e-06
6.00001e-06
6.00001e-06
6.000009999999999e-06
6.000010000000001e-06
6.00001e-06
6.00001e-06
6.00001e-06
6.00001e-06
6.000009999999999e-06
6.00001e-06
6.00001e-06
6.00001e-06
6.00001e-06
6.000010000000001e-06
6.00001e-06
6.00001e-06
6.000010000000001e-06
6.00001e-06
6.00001e-06
6.00001e-06
6.000010000000001e-06
6.00001e-06
6.00001e-06
6.00001e-06
6.00001e-06
6.000010000000001e-06
6.000010000000001e-06
6.00001e-06
6.000010000000001e-06
6.000010000000001e-06
6.00001e-06
6.000010000000001e-06
6.00001e-06
6.00001e-06
6.00001e-06
6.00001e-06
6.00001e-06
6.00001e-06
6.00001e-06
6.00001e-06
6.00001e-06
6.00001e-06
6.000010000000001e-06
6.00001e-06
6.000010000000001e-06
6.00001e-06
6.00001e-06
6.00001e-06
6.00001e-06
6.000010000000001e-06
6.00001e-06
6.00001e-06
6.00001e-06
6.000009999999999e-06
6.00001e-06
6.00001e-06
6.00001e-06
6.00001e-06
6.000009999999999e-06
6.00001e-06
6.00001e-06
6.00001e-06
6.000010000000001e-06
6.00001e-06
6.00001e-06
6.00001e-06
6.00001e-06
6.00001e-06
6.000010000000001e-06
6.00001e-06
6.00001e-06
6.00001e-06
6.00001e-06
6.000010000000001e-06
6.000010000000001e-06
6.000010000000001e-06
6.00001e-06
6.000010000000001e-06
6.00001e-06
6.00001e-06
6.00001e-06
6.00001e-06
6.000009999999999e-06
6.00001e-06
6.00001e-06
6.00001e-06
6.00001e-06
6.000009999999999e-06
6.00001e-06
6.00001e-06
6.00001e-06
6.00001e-06
6.00001e-06
6.000010000000001e-06
6.00001e-06
6.00001e-06
6.00001e-06
6.00001e-06
6.00001e-06
6.00001e-06
6.00001e-06
6.00001e-06
6.000009999999999e-06
6.000009999999999e-06
6.00001e-06
6.00001e-06
6.00001e-06
6.00001e-06
6.00001e-06
6.000009999999999e-06
6.00001e-06
6.00001e-06
6.00001e-06
6.00001e-06
6.00001e-06
6.00001e-06
6.00001e-06
6.00001e-06
6.00001e-06
6.000010000000001e-06
6.00001e-06
6.00001e-06
6.00001e-06
6.00001e-06
6.00001e-06
6.00001e-06
6.000009999999999e-06
6.00001e-06
6.000010000000001e-06
6.00001e-06
6.00001e-06
6.00001e-06
6.00001e-06
6.00001e-06
6.00001e-06
6.00001e-06
6.00001e-06
6.00001e-06
6.00001e-06
6.00001e-06
6.00001e-06
6.00001e-06
6.00001e-06
6.00001e-06
6.00001e-06
6.00001e-06
6.00001e-06
6.000010000000001e-06
6.000010000000001e-06
6.00001e-06
6.00001e-06
6.00001e-06
6.000009999999999e-06
6.00001e-06
6.000009999999999e-06
6.000009999999999e-06
6.000009999999999e-06
6.00001e-06
6.000009999999999e-06
6.00001e-06
6.000010000000001e-06
6.000009999999999e-06
6.00001e-06
6.00001e-06
6.00001e-06
6.000010000000001e-06
6.000009999999999e-06
6.00001e-06
6.00001e-06
6.000009999999999e-06
6.000010000000001e-06
6.00001e-06
6.00001e-06
6.000009999999999e-06
6.000009999999999e-06
6.00001e-06
6.00001e-06
6.000010000000001e-06
6.00001e-06
