0.016005778199999997
0.017861158693109138
0.019931613813093337
0.022242074885520175
0.02482036326070626
0.027697525323704057
0.03090820633845139
0.034491067627717226
0.03848925211230385
0.042950903815282486
0.04792974758685756
0.05348573603059974
0.05968577142099141
0.06660451130523387
0.0743252674899471
0.0829410092378845
0.09255548275462713
0.10328446044552343
0.11525713498576709
0.12861767499026613
0.14352696101585855
0.16016452279989352
0.17873070106238229
0.19944905990299558
0.222569078841717
0.24836915691928227
0.2771599650311927
0.30928818686233644
0.34514069346857407
0.3851492017733908
0.4297954730747703
0.4796171141599594
0.5352140508820795
0.5972557521499712
0.6664892913187375
0.7437483420519858
0.8299632169791867
0.9261720700283496
1.0335333973265814
1.1533399871977668
1.287034487235852
1.4362267759042109
1.6027133478406947
1.7884989462959613
1.9958207031914676
2.2271750774789236
2.485347916178716
2.7734480000763813
3.094944478016723
3.453708640559476
3.8540605360128675
4.300820990170604
4.799369656146553
5.355709793312404
5.976540555372157
6.669337658028073
7.4424433975955155
8.305167104523287
9.26789724142748
10.342226495464292
11.541091371337735
12.878927965847733
14.371845799732972
16.037821800000003
