0.0
1.5068359375e+18
3.013671875e+18
4.5205078125e+18
6.02734375e+18
7.5341796875e+18
9.041015625e+18
1.05478515625e+19
1.20546875e+19
1.35615234375e+19
1.5068359375e+19
1.65751953125e+19
1.808203125e+19
1.95888671875e+19
2.1095703125e+19
2.26025390625e+19
2.4109375e+19
2.56162109375e+19
2.7123046875e+19
2.86298828125e+19
3.013671875e+19
3.16435546875e+19
3.3150390625e+19
3.46572265625e+19
3.61640625e+19
3.76708984375e+19
3.9177734375e+19
4.06845703125e+19
4.219140625e+19
4.36982421875e+19
4.5205078125e+19
4.67119140625e+19
4.821875e+19
4.97255859375e+19
5.1232421875e+19
5.27392578125e+19
5.424609375e+19
5.57529296875e+19
5.7259765625e+19
5.87666015625e+19
6.02734375e+19
6.17802734375e+19
6.3287109375e+19
6.47939453125e+19
6.630078125e+19
6.78076171875e+19
6.9314453125e+19
7.08212890625e+19
7.2328125e+19
7.38349609375e+19
7.5341796875e+19
7.68486328125e+19
7.835546875e+19
7.98623046875e+19
8.1369140625e+19
8.28759765625e+19
8.43828125e+19
8.58896484375e+19
8.7396484375e+19
8.89033203125e+19
9.041015625e+19
9.19169921875e+19
9.3423828125e+19
9.49306640625e+19
9.64375e+19
9.79443359375e+19
9.9451171875e+19
1.009580078125e+20
1.0246484375e+20
1.039716796875e+20
1.05478515625e+20
1.069853515625e+20
1.084921875e+20
1.099990234375e+20
1.11505859375e+20
1.130126953125e+20
1.1451953125e+20
1.160263671875e+20
1.17533203125e+20
1.190400390625e+20
1.20546875e+20
1.220537109375e+20
1.23560546875e+20
1.250673828125e+20
1.2657421875e+20
1.280810546875e+20
1.29587890625e+20
1.310947265625e+20
1.326015625e+20
1.341083984375e+20
1.35615234375e+20
1.371220703125e+20
1.3862890625e+20
1.401357421875e+20
1.41642578125e+20
1.431494140625e+20
1.4465625e+20
1.461630859375e+20
1.47669921875e+20
1.491767578125e+20
1.5068359375e+20
1.521904296875e+20
1.53697265625e+20
1.552041015625e+20
1.567109375e+20
1.582177734375e+20
1.59724609375e+20
1.612314453125e+20
1.6273828125e+20
1.642451171875e+20
1.65751953125e+20
1.672587890625e+20
1.68765625e+20
1.702724609375e+20
1.71779296875e+20
1.732861328125e+20
1.7479296875e+20
1.762998046875e+20
1.77806640625e+20
1.793134765625e+20
1.808203125e+20
1.823271484375e+20
1.83833984375e+20
1.853408203125e+20
1.8684765625e+20
1.883544921875e+20
1.89861328125e+20
1.913681640625e+20
1.92875e+20
1.943818359375e+20
1.95888671875e+20
1.973955078125e+20
1.9890234375e+20
2.004091796875e+20
2.01916015625e+20
2.034228515625e+20
2.049296875e+20
2.064365234375e+20
2.07943359375e+20
2.094501953125e+20
2.1095703125e+20
2.124638671875e+20
2.13970703125e+20
2.154775390625e+20
2.16984375e+20
2.184912109375e+20
2.19998046875e+20
2.215048828125e+20
2.2301171875e+20
2.245185546875e+20
2.26025390625e+20
2.275322265625e+20
2.290390625e+20
2.305458984375e+20
2.32052734375e+20
2.335595703125e+20
2.3506640625e+20
2.365732421875e+20
2.38080078125e+20
2.395869140625e+20
2.4109375e+20
2.426005859375e+20
2.44107421875e+20
2.456142578125e+20
2.4712109375e+20
2.486279296875e+20
2.50134765625e+20
2.516416015625e+20
2.531484375e+20
2.546552734375e+20
2.56162109375e+20
2.576689453125e+20
2.5917578125e+20
2.606826171875e+20
2.62189453125e+20
2.636962890625e+20
2.65203125e+20
2.667099609375e+20
2.68216796875e+20
2.697236328125e+20
2.7123046875e+20
2.727373046875e+20
2.74244140625e+20
2.757509765625e+20
2.772578125e+20
2.787646484375e+20
2.80271484375e+20
2.817783203125e+20
2.8328515625e+20
2.847919921875e+20
2.86298828125e+20
2.878056640625e+20
2.893125e+20
2.908193359375e+20
2.92326171875e+20
2.938330078125e+20
2.9533984375e+20
2.968466796875e+20
2.98353515625e+20
2.998603515625e+20
3.013671875e+20
3.028740234375e+20
3.04380859375e+20
3.058876953125e+20
3.0739453125e+20
3.089013671875e+20
3.10408203125e+20
3.119150390625e+20
3.13421875e+20
3.149287109375e+20
3.16435546875e+20
3.179423828125e+20
3.1944921875e+20
3.209560546875e+20
3.22462890625e+20
3.239697265625e+20
3.254765625e+20
3.269833984375e+20
3.28490234375e+20
3.299970703125e+20
3.3150390625e+20
3.330107421875e+20
3.34517578125e+20
3.360244140625e+20
3.3753125e+20
3.390380859375e+20
3.40544921875e+20
3.420517578125e+20
3.4355859375e+20
3.450654296875e+20
3.46572265625e+20
3.480791015625e+20
3.495859375e+20
3.510927734375e+20
3.52599609375e+20
3.541064453125e+20
3.5561328125e+20
3.571201171875e+20
3.58626953125e+20
3.601337890625e+20
3.61640625e+20
3.631474609375e+20
3.64654296875e+20
3.661611328125e+20
3.6766796875e+20
3.691748046875e+20
3.70681640625e+20
3.721884765625e+20
3.736953125e+20
3.752021484375e+20
3.76708984375e+20
3.782158203125e+20
3.7972265625e+20
3.812294921875e+20
3.82736328125e+20
3.842431640625e+20
3.8575e+20
3.872568359375e+20
3.88763671875e+20
3.902705078125e+20
3.9177734375e+20
3.932841796875e+20
3.94791015625e+20
3.962978515625e+20
3.978046875e+20
3.993115234375e+20
4.00818359375e+20
4.023251953125e+20
4.0383203125e+20
4.053388671875e+20
4.06845703125e+20
4.083525390625e+20
4.09859375e+20
4.113662109375e+20
4.12873046875e+20
4.143798828125e+20
4.1588671875e+20
4.173935546875e+20
4.18900390625e+20
4.204072265625e+20
4.219140625e+20
4.234208984375e+20
4.24927734375e+20
4.264345703125e+20
4.2794140625e+20
4.294482421875e+20
4.30955078125e+20
4.324619140625e+20
4.3396875e+20
4.354755859375e+20
4.36982421875e+20
4.384892578125e+20
4.3999609375e+20
4.415029296875e+20
4.43009765625e+20
4.445166015625e+20
4.460234375e+20
4.475302734375e+20
4.49037109375e+20
4.505439453125e+20
4.5205078125e+20
4.535576171875e+20
4.55064453125e+20
4.565712890625e+20
4.58078125e+20
4.595849609375e+20
4.61091796875e+20
4.625986328125e+20
4.6410546875e+20
4.656123046875e+20
4.67119140625e+20
4.686259765625e+20
4.701328125e+20
4.716396484375e+20
4.73146484375e+20
4.746533203125e+20
4.7616015625e+20
4.776669921875e+20
4.79173828125e+20
4.806806640625e+20
4.821875e+20
4.836943359375e+20
4.85201171875e+20
4.867080078125e+20
4.8821484375e+20
4.897216796875e+20
4.91228515625e+20
4.927353515625e+20
4.942421875e+20
4.957490234375e+20
4.97255859375e+20
4.987626953125e+20
5.0026953125e+20
5.017763671875e+20
5.03283203125e+20
5.047900390625e+20
5.06296875e+20
5.078037109375e+20
5.09310546875e+20
5.108173828125e+20
5.1232421875e+20
5.138310546875e+20
5.15337890625e+20
5.168447265625e+20
5.183515625e+20
5.198583984375e+20
5.21365234375e+20
5.228720703125e+20
5.2437890625e+20
5.258857421875e+20
5.27392578125e+20
5.288994140625e+20
5.3040625e+20
5.319130859375e+20
5.33419921875e+20
5.349267578125e+20
5.3643359375e+20
5.379404296875e+20
5.39447265625e+20
5.409541015625e+20
5.424609375e+20
5.439677734375e+20
5.45474609375e+20
5.469814453125e+20
5.4848828125e+20
5.499951171875e+20
5.51501953125e+20
5.530087890625e+20
5.54515625e+20
5.560224609375e+20
5.57529296875e+20
5.590361328125e+20
5.6054296875e+20
5.620498046875e+20
5.63556640625e+20
5.650634765625e+20
5.665703125e+20
5.680771484375e+20
5.69583984375e+20
5.710908203125e+20
5.7259765625e+20
5.741044921875e+20
5.75611328125e+20
5.771181640625e+20
5.78625e+20
5.801318359375e+20
5.81638671875e+20
5.831455078125e+20
5.8465234375e+20
5.861591796875e+20
5.87666015625e+20
5.891728515625e+20
5.906796875e+20
5.921865234375e+20
5.93693359375e+20
5.952001953125e+20
5.9670703125e+20
5.982138671875e+20
5.99720703125e+20
6.012275390625e+20
6.02734375e+20
6.042412109375e+20
6.05748046875e+20
6.072548828125e+20
6.0876171875e+20
6.102685546875e+20
6.11775390625e+20
6.132822265625e+20
6.147890625e+20
6.162958984375e+20
6.17802734375e+20
6.193095703125e+20
6.2081640625e+20
6.223232421875e+20
6.23830078125e+20
6.253369140625e+20
6.2684375e+20
6.283505859375e+20
6.29857421875e+20
6.313642578125e+20
6.3287109375e+20
6.343779296875e+20
6.35884765625e+20
6.373916015625e+20
6.388984375e+20
6.404052734375e+20
6.41912109375e+20
6.434189453125e+20
6.4492578125e+20
6.464326171875e+20
6.47939453125e+20
6.494462890625e+20
6.50953125e+20
6.524599609375e+20
6.53966796875e+20
6.554736328125e+20
6.5698046875e+20
6.584873046875e+20
6.59994140625e+20
6.615009765625e+20
6.630078125e+20
6.645146484375e+20
6.66021484375e+20
6.675283203125e+20
6.6903515625e+20
6.705419921875e+20
6.72048828125e+20
6.735556640625e+20
6.750625e+20
6.765693359375e+20
6.78076171875e+20
6.795830078125e+20
6.8108984375e+20
6.825966796875e+20
6.84103515625e+20
6.856103515625e+20
6.871171875e+20
6.886240234375e+20
6.90130859375e+20
6.916376953125e+20
6.9314453125e+20
6.946513671875e+20
6.96158203125e+20
6.976650390625e+20
6.99171875e+20
7.006787109375e+20
7.02185546875e+20
7.036923828125e+20
7.0519921875e+20
7.067060546875e+20
7.08212890625e+20
7.097197265625e+20
7.112265625e+20
7.127333984375e+20
7.14240234375e+20
7.157470703125e+20
7.1725390625e+20
7.187607421875e+20
7.20267578125e+20
7.217744140625e+20
7.2328125e+20
7.247880859375e+20
7.26294921875e+20
7.278017578125e+20
7.2930859375e+20
7.308154296875e+20
7.32322265625e+20
7.338291015625e+20
7.353359375e+20
7.368427734375e+20
7.38349609375e+20
7.398564453125e+20
7.4136328125e+20
7.428701171875e+20
7.44376953125e+20
7.458837890625e+20
7.47390625e+20
7.488974609375e+20
7.50404296875e+20
7.519111328125e+20
7.5341796875e+20
7.549248046875e+20
7.56431640625e+20
7.579384765625e+20
7.594453125e+20
7.609521484375e+20
7.62458984375e+20
7.639658203125e+20
7.6547265625e+20
7.669794921875e+20
7.68486328125e+20
7.699931640625e+20
7.715e+20
7.730068359375e+20
7.74513671875e+20
7.760205078125e+20
7.7752734375e+20
7.790341796875e+20
7.80541015625e+20
7.820478515625e+20
7.835546875e+20
7.850615234375e+20
7.86568359375e+20
7.880751953125e+20
7.8958203125e+20
7.910888671875e+20
7.92595703125e+20
7.941025390625e+20
7.95609375e+20
7.971162109375e+20
7.98623046875e+20
8.001298828125e+20
8.0163671875e+20
8.031435546875e+20
8.04650390625e+20
8.061572265625e+20
8.076640625e+20
8.091708984375e+20
8.10677734375e+20
8.121845703125e+20
8.1369140625e+20
8.151982421875e+20
8.16705078125e+20
8.182119140625e+20
8.1971875e+20
8.212255859375e+20
8.22732421875e+20
8.242392578125e+20
8.2574609375e+20
8.272529296875e+20
8.28759765625e+20
8.302666015625e+20
8.317734375e+20
8.332802734375e+20
8.34787109375e+20
8.362939453125e+20
8.3780078125e+20
8.393076171875e+20
8.40814453125e+20
8.423212890625e+20
8.43828125e+20
8.453349609375e+20
8.46841796875e+20
8.483486328125e+20
8.4985546875e+20
8.513623046875e+20
8.52869140625e+20
8.543759765625e+20
8.558828125e+20
8.573896484375e+20
8.58896484375e+20
8.604033203125e+20
8.6191015625e+20
8.634169921875e+20
8.64923828125e+20
8.664306640625e+20
8.679375e+20
8.694443359375e+20
8.70951171875e+20
8.724580078125e+20
8.7396484375e+20
8.754716796875e+20
8.76978515625e+20
8.784853515625e+20
8.799921875e+20
8.814990234375e+20
8.83005859375e+20
8.845126953125e+20
8.8601953125e+20
8.875263671875e+20
8.89033203125e+20
8.905400390625e+20
8.92046875e+20
8.935537109375e+20
8.95060546875e+20
8.965673828125e+20
8.9807421875e+20
8.995810546875e+20
9.01087890625e+20
9.025947265625e+20
9.041015625e+20
9.056083984375e+20
9.07115234375e+20
9.086220703125e+20
9.1012890625e+20
9.116357421875e+20
9.13142578125e+20
9.146494140625e+20
9.1615625e+20
9.176630859375e+20
9.19169921875e+20
9.206767578125e+20
9.2218359375e+20
9.236904296875e+20
9.25197265625e+20
9.267041015625e+20
9.282109375e+20
9.297177734375e+20
9.31224609375e+20
9.327314453125e+20
9.3423828125e+20
9.357451171875e+20
9.37251953125e+20
9.387587890625e+20
9.40265625e+20
9.417724609375e+20
9.43279296875e+20
9.447861328125e+20
9.4629296875e+20
9.477998046875e+20
9.49306640625e+20
9.508134765625e+20
9.523203125e+20
9.538271484375e+20
9.55333984375e+20
9.568408203125e+20
9.5834765625e+20
9.598544921875e+20
9.61361328125e+20
9.628681640625e+20
9.64375e+20
9.658818359375e+20
9.67388671875e+20
9.688955078125e+20
9.7040234375e+20
9.719091796875e+20
9.73416015625e+20
9.749228515625e+20
9.764296875e+20
9.779365234375e+20
9.79443359375e+20
9.809501953125e+20
9.8245703125e+20
9.839638671875e+20
9.85470703125e+20
9.869775390625e+20
9.88484375e+20
9.899912109375e+20
9.91498046875e+20
9.930048828125e+20
9.9451171875e+20
9.960185546875e+20
9.97525390625e+20
9.990322265625e+20
1.0005390625e+21
1.0020458984375e+21
1.003552734375e+21
1.0050595703125e+21
1.00656640625e+21
1.0080732421875e+21
1.009580078125e+21
1.0110869140625e+21
1.01259375e+21
1.0141005859375e+21
1.015607421875e+21
1.0171142578125e+21
1.01862109375e+21
1.0201279296875e+21
1.021634765625e+21
1.0231416015625e+21
1.0246484375e+21
1.0261552734375e+21
1.027662109375e+21
1.0291689453125e+21
1.03067578125e+21
1.0321826171875e+21
1.033689453125e+21
1.0351962890625e+21
1.036703125e+21
1.0382099609375e+21
1.039716796875e+21
1.0412236328125e+21
1.04273046875e+21
1.0442373046875e+21
1.045744140625e+21
1.0472509765625e+21
1.0487578125e+21
1.0502646484375e+21
1.051771484375e+21
1.0532783203125e+21
1.05478515625e+21
1.0562919921875e+21
1.057798828125e+21
1.0593056640625e+21
1.0608125e+21
1.0623193359375e+21
1.063826171875e+21
1.0653330078125e+21
1.06683984375e+21
1.0683466796875e+21
1.069853515625e+21
1.0713603515625e+21
1.0728671875e+21
1.0743740234375e+21
1.075880859375e+21
1.0773876953125e+21
1.07889453125e+21
1.0804013671875e+21
1.081908203125e+21
1.0834150390625e+21
1.084921875e+21
1.0864287109375e+21
1.087935546875e+21
1.0894423828125e+21
1.09094921875e+21
1.0924560546875e+21
1.093962890625e+21
1.0954697265625e+21
1.0969765625e+21
1.0984833984375e+21
1.099990234375e+21
1.1014970703125e+21
1.10300390625e+21
1.1045107421875e+21
1.106017578125e+21
1.1075244140625e+21
1.10903125e+21
1.1105380859375e+21
1.112044921875e+21
1.1135517578125e+21
1.11505859375e+21
1.1165654296875e+21
1.118072265625e+21
1.1195791015625e+21
1.1210859375e+21
1.1225927734375e+21
1.124099609375e+21
1.1256064453125e+21
1.12711328125e+21
1.1286201171875e+21
1.130126953125e+21
1.1316337890625e+21
1.133140625e+21
1.1346474609375e+21
1.136154296875e+21
1.1376611328125e+21
1.13916796875e+21
1.1406748046875e+21
1.142181640625e+21
1.1436884765625e+21
1.1451953125e+21
1.1467021484375e+21
1.148208984375e+21
1.1497158203125e+21
1.15122265625e+21
1.1527294921875e+21
1.154236328125e+21
1.1557431640625e+21
1.15725e+21
1.1587568359375e+21
1.160263671875e+21
1.1617705078125e+21
1.16327734375e+21
1.1647841796875e+21
1.166291015625e+21
1.1677978515625e+21
1.1693046875e+21
1.1708115234375e+21
1.172318359375e+21
1.1738251953125e+21
1.17533203125e+21
1.1768388671875e+21
1.178345703125e+21
1.1798525390625e+21
1.181359375e+21
1.1828662109375e+21
1.184373046875e+21
1.1858798828125e+21
1.18738671875e+21
1.1888935546875e+21
1.190400390625e+21
1.1919072265625e+21
1.1934140625e+21
1.1949208984375e+21
1.196427734375e+21
1.1979345703125e+21
1.19944140625e+21
1.2009482421875e+21
1.202455078125e+21
1.2039619140625e+21
1.20546875e+21
1.2069755859375e+21
1.208482421875e+21
1.2099892578125e+21
1.21149609375e+21
1.2130029296875e+21
1.214509765625e+21
1.2160166015625e+21
1.2175234375e+21
1.2190302734375e+21
1.220537109375e+21
1.2220439453125e+21
1.22355078125e+21
1.2250576171875e+21
1.226564453125e+21
1.2280712890625e+21
1.229578125e+21
1.2310849609375e+21
1.232591796875e+21
1.2340986328125e+21
1.23560546875e+21
1.2371123046875e+21
1.238619140625e+21
1.2401259765625e+21
1.2416328125e+21
1.2431396484375e+21
1.244646484375e+21
1.2461533203125e+21
1.24766015625e+21
1.2491669921875e+21
1.250673828125e+21
1.2521806640625e+21
1.2536875e+21
1.2551943359375e+21
1.256701171875e+21
1.2582080078125e+21
1.25971484375e+21
1.2612216796875e+21
1.262728515625e+21
1.2642353515625e+21
1.2657421875e+21
1.2672490234375e+21
1.268755859375e+21
1.2702626953125e+21
1.27176953125e+21
1.2732763671875e+21
1.274783203125e+21
1.2762900390625e+21
1.277796875e+21
1.2793037109375e+21
1.280810546875e+21
1.2823173828125e+21
1.28382421875e+21
1.2853310546875e+21
1.286837890625e+21
1.2883447265625e+21
1.2898515625e+21
1.2913583984375e+21
1.292865234375e+21
1.2943720703125e+21
1.29587890625e+21
1.2973857421875e+21
1.298892578125e+21
1.3003994140625e+21
1.30190625e+21
1.3034130859375e+21
1.304919921875e+21
1.3064267578125e+21
1.30793359375e+21
1.3094404296875e+21
1.310947265625e+21
1.3124541015625e+21
1.3139609375e+21
1.3154677734375e+21
1.316974609375e+21
1.3184814453125e+21
1.31998828125e+21
1.3214951171875e+21
1.323001953125e+21
1.3245087890625e+21
1.326015625e+21
1.3275224609375e+21
1.329029296875e+21
1.3305361328125e+21
1.33204296875e+21
1.3335498046875e+21
1.335056640625e+21
1.3365634765625e+21
1.3380703125e+21
1.3395771484375e+21
1.341083984375e+21
1.3425908203125e+21
1.34409765625e+21
1.3456044921875e+21
1.347111328125e+21
1.3486181640625e+21
1.350125e+21
1.3516318359375e+21
1.353138671875e+21
1.3546455078125e+21
1.35615234375e+21
1.3576591796875e+21
1.359166015625e+21
1.3606728515625e+21
1.3621796875e+21
1.3636865234375e+21
1.365193359375e+21
1.3667001953125e+21
1.36820703125e+21
1.3697138671875e+21
1.371220703125e+21
1.3727275390625e+21
1.374234375e+21
1.3757412109375e+21
1.377248046875e+21
1.3787548828125e+21
1.38026171875e+21
1.3817685546875e+21
1.383275390625e+21
1.3847822265625e+21
1.3862890625e+21
1.3877958984375e+21
1.389302734375e+21
1.3908095703125e+21
1.39231640625e+21
1.3938232421875e+21
1.395330078125e+21
1.3968369140625e+21
1.39834375e+21
1.3998505859375e+21
1.401357421875e+21
1.4028642578125e+21
1.40437109375e+21
1.4058779296875e+21
1.407384765625e+21
1.4088916015625e+21
1.4103984375e+21
1.4119052734375e+21
1.413412109375e+21
1.4149189453125e+21
1.41642578125e+21
1.4179326171875e+21
1.419439453125e+21
1.4209462890625e+21
1.422453125e+21
1.4239599609375e+21
1.425466796875e+21
1.4269736328125e+21
1.42848046875e+21
1.4299873046875e+21
1.431494140625e+21
1.4330009765625e+21
1.4345078125e+21
1.4360146484375e+21
1.437521484375e+21
1.4390283203125e+21
1.44053515625e+21
1.4420419921875e+21
1.443548828125e+21
1.4450556640625e+21
1.4465625e+21
1.4480693359375e+21
1.449576171875e+21
1.4510830078125e+21
1.45258984375e+21
1.4540966796875e+21
1.455603515625e+21
1.4571103515625e+21
1.4586171875e+21
1.4601240234375e+21
1.461630859375e+21
1.4631376953125e+21
1.46464453125e+21
1.4661513671875e+21
1.467658203125e+21
1.4691650390625e+21
1.470671875e+21
1.4721787109375e+21
1.473685546875e+21
1.4751923828125e+21
1.47669921875e+21
1.4782060546875e+21
1.479712890625e+21
1.4812197265625e+21
1.4827265625e+21
1.4842333984375e+21
1.485740234375e+21
1.4872470703125e+21
1.48875390625e+21
1.4902607421875e+21
1.491767578125e+21
1.4932744140625e+21
1.49478125e+21
1.4962880859375e+21
1.497794921875e+21
1.4993017578125e+21
1.50080859375e+21
1.5023154296875e+21
1.503822265625e+21
1.5053291015625e+21
1.5068359375e+21
1.5083427734375e+21
1.509849609375e+21
1.5113564453125e+21
1.51286328125e+21
1.5143701171875e+21
1.515876953125e+21
1.5173837890625e+21
1.518890625e+21
1.5203974609375e+21
1.521904296875e+21
1.5234111328125e+21
1.52491796875e+21
1.5264248046875e+21
1.527931640625e+21
1.5294384765625e+21
1.5309453125e+21
1.5324521484375e+21
1.533958984375e+21
1.5354658203125e+21
1.53697265625e+21
1.5384794921875e+21
1.539986328125e+21
1.5414931640625e+21
1.543e+21
1.5445068359375e+21
1.546013671875e+21
1.5475205078125e+21
1.54902734375e+21
1.5505341796875e+21
1.552041015625e+21
1.5535478515625e+21
1.5550546875e+21
1.5565615234375e+21
1.558068359375e+21
1.5595751953125e+21
1.56108203125e+21
1.5625888671875e+21
1.564095703125e+21
1.5656025390625e+21
1.567109375e+21
1.5686162109375e+21
1.570123046875e+21
1.5716298828125e+21
1.57313671875e+21
1.5746435546875e+21
1.576150390625e+21
1.5776572265625e+21
1.5791640625e+21
1.5806708984375e+21
1.582177734375e+21
1.5836845703125e+21
1.58519140625e+21
1.5866982421875e+21
1.588205078125e+21
1.5897119140625e+21
1.59121875e+21
1.5927255859375e+21
1.594232421875e+21
1.5957392578125e+21
1.59724609375e+21
1.5987529296875e+21
1.600259765625e+21
1.6017666015625e+21
1.6032734375e+21
1.6047802734375e+21
1.606287109375e+21
1.6077939453125e+21
1.60930078125e+21
1.6108076171875e+21
1.612314453125e+21
1.6138212890625e+21
1.615328125e+21
1.6168349609375e+21
1.618341796875e+21
1.6198486328125e+21
1.62135546875e+21
1.6228623046875e+21
1.624369140625e+21
1.6258759765625e+21
1.6273828125e+21
1.6288896484375e+21
1.630396484375e+21
1.6319033203125e+21
1.63341015625e+21
1.6349169921875e+21
1.636423828125e+21
1.6379306640625e+21
1.6394375e+21
1.6409443359375e+21
1.642451171875e+21
1.6439580078125e+21
1.64546484375e+21
1.6469716796875e+21
1.648478515625e+21
1.6499853515625e+21
1.6514921875e+21
1.6529990234375e+21
1.654505859375e+21
1.6560126953125e+21
1.65751953125e+21
1.6590263671875e+21
1.660533203125e+21
1.6620400390625e+21
1.663546875e+21
1.6650537109375e+21
1.666560546875e+21
1.6680673828125e+21
1.66957421875e+21
1.6710810546875e+21
1.672587890625e+21
1.6740947265625e+21
1.6756015625e+21
1.6771083984375e+21
1.678615234375e+21
1.6801220703125e+21
1.68162890625e+21
1.6831357421875e+21
1.684642578125e+21
1.6861494140625e+21
1.68765625e+21
1.6891630859375e+21
1.690669921875e+21
1.6921767578125e+21
1.69368359375e+21
1.6951904296875e+21
1.696697265625e+21
1.6982041015625e+21
1.6997109375e+21
1.7012177734375e+21
1.702724609375e+21
1.7042314453125e+21
1.70573828125e+21
1.7072451171875e+21
1.708751953125e+21
1.7102587890625e+21
1.711765625e+21
1.7132724609375e+21
1.714779296875e+21
1.7162861328125e+21
1.71779296875e+21
1.7192998046875e+21
1.720806640625e+21
1.7223134765625e+21
1.7238203125e+21
1.7253271484375e+21
1.726833984375e+21
1.7283408203125e+21
1.72984765625e+21
1.7313544921875e+21
1.732861328125e+21
1.7343681640625e+21
1.735875e+21
1.7373818359375e+21
1.738888671875e+21
1.7403955078125e+21
1.74190234375e+21
1.7434091796875e+21
1.744916015625e+21
1.7464228515625e+21
1.7479296875e+21
1.7494365234375e+21
1.750943359375e+21
1.7524501953125e+21
1.75395703125e+21
1.7554638671875e+21
1.756970703125e+21
1.7584775390625e+21
1.759984375e+21
1.7614912109375e+21
1.762998046875e+21
1.7645048828125e+21
1.76601171875e+21
1.7675185546875e+21
1.769025390625e+21
1.7705322265625e+21
1.7720390625e+21
1.7735458984375e+21
1.775052734375e+21
1.7765595703125e+21
1.77806640625e+21
1.7795732421875e+21
1.781080078125e+21
1.7825869140625e+21
1.78409375e+21
1.7856005859375e+21
1.787107421875e+21
1.7886142578125e+21
1.79012109375e+21
1.7916279296875e+21
1.793134765625e+21
1.7946416015625e+21
1.7961484375e+21
1.7976552734375e+21
1.799162109375e+21
1.8006689453125e+21
1.80217578125e+21
1.8036826171875e+21
1.805189453125e+21
1.8066962890625e+21
1.808203125e+21
1.8097099609375e+21
1.811216796875e+21
1.8127236328125e+21
1.81423046875e+21
1.8157373046875e+21
1.817244140625e+21
1.8187509765625e+21
1.8202578125e+21
1.8217646484375e+21
1.823271484375e+21
1.8247783203125e+21
1.82628515625e+21
1.8277919921875e+21
1.829298828125e+21
1.8308056640625e+21
1.8323125e+21
1.8338193359375e+21
1.835326171875e+21
1.8368330078125e+21
1.83833984375e+21
1.8398466796875e+21
1.841353515625e+21
1.8428603515625e+21
1.8443671875e+21
1.8458740234375e+21
1.847380859375e+21
1.8488876953125e+21
1.85039453125e+21
1.8519013671875e+21
1.853408203125e+21
1.8549150390625e+21
1.856421875e+21
1.8579287109375e+21
1.859435546875e+21
1.8609423828125e+21
1.86244921875e+21
1.8639560546875e+21
1.865462890625e+21
1.8669697265625e+21
1.8684765625e+21
1.8699833984375e+21
1.871490234375e+21
1.8729970703125e+21
1.87450390625e+21
1.8760107421875e+21
1.877517578125e+21
1.8790244140625e+21
1.88053125e+21
1.8820380859375e+21
1.883544921875e+21
1.8850517578125e+21
1.88655859375e+21
1.8880654296875e+21
1.889572265625e+21
1.8910791015625e+21
1.8925859375e+21
1.8940927734375e+21
1.895599609375e+21
1.8971064453125e+21
1.89861328125e+21
1.9001201171875e+21
1.901626953125e+21
1.9031337890625e+21
1.904640625e+21
1.9061474609375e+21
1.907654296875e+21
1.9091611328125e+21
1.91066796875e+21
1.9121748046875e+21
1.913681640625e+21
1.9151884765625e+21
1.9166953125e+21
1.9182021484375e+21
1.919708984375e+21
1.9212158203125e+21
1.92272265625e+21
1.9242294921875e+21
1.925736328125e+21
1.9272431640625e+21
1.92875e+21
1.9302568359375e+21
1.931763671875e+21
1.9332705078125e+21
1.93477734375e+21
1.9362841796875e+21
1.937791015625e+21
1.9392978515625e+21
1.9408046875e+21
1.9423115234375e+21
1.943818359375e+21
1.9453251953125e+21
1.94683203125e+21
1.9483388671875e+21
1.949845703125e+21
1.9513525390625e+21
1.952859375e+21
1.9543662109375e+21
1.955873046875e+21
1.9573798828125e+21
1.95888671875e+21
1.9603935546875e+21
1.961900390625e+21
1.9634072265625e+21
1.9649140625e+21
1.9664208984375e+21
1.967927734375e+21
1.9694345703125e+21
1.97094140625e+21
1.9724482421875e+21
1.973955078125e+21
1.9754619140625e+21
1.97696875e+21
1.9784755859375e+21
1.979982421875e+21
1.9814892578125e+21
1.98299609375e+21
1.9845029296875e+21
1.986009765625e+21
1.9875166015625e+21
1.9890234375e+21
1.9905302734375e+21
1.992037109375e+21
1.9935439453125e+21
1.99505078125e+21
1.9965576171875e+21
1.998064453125e+21
1.9995712890625e+21
2.001078125e+21
2.0025849609375e+21
2.004091796875e+21
2.0055986328125e+21
2.00710546875e+21
2.0086123046875e+21
2.010119140625e+21
2.0116259765625e+21
2.0131328125e+21
2.0146396484375e+21
2.016146484375e+21
2.0176533203125e+21
2.01916015625e+21
2.0206669921875e+21
2.022173828125e+21
2.0236806640625e+21
2.0251875e+21
2.0266943359375e+21
2.028201171875e+21
2.0297080078125e+21
2.03121484375e+21
2.0327216796875e+21
2.034228515625e+21
2.0357353515625e+21
2.0372421875e+21
2.0387490234375e+21
2.040255859375e+21
2.0417626953125e+21
2.04326953125e+21
2.0447763671875e+21
2.046283203125e+21
2.0477900390625e+21
2.049296875e+21
2.0508037109375e+21
2.052310546875e+21
2.0538173828125e+21
2.05532421875e+21
2.0568310546875e+21
2.058337890625e+21
2.0598447265625e+21
2.0613515625e+21
2.0628583984375e+21
2.064365234375e+21
2.0658720703125e+21
2.06737890625e+21
2.0688857421875e+21
2.070392578125e+21
2.0718994140625e+21
2.07340625e+21
2.0749130859375e+21
2.076419921875e+21
2.0779267578125e+21
2.07943359375e+21
2.0809404296875e+21
2.082447265625e+21
2.0839541015625e+21
2.0854609375e+21
2.0869677734375e+21
2.088474609375e+21
2.0899814453125e+21
2.09148828125e+21
2.0929951171875e+21
2.094501953125e+21
2.0960087890625e+21
2.097515625e+21
2.0990224609375e+21
2.100529296875e+21
2.1020361328125e+21
2.10354296875e+21
2.1050498046875e+21
2.106556640625e+21
2.1080634765625e+21
2.1095703125e+21
2.1110771484375e+21
2.112583984375e+21
2.1140908203125e+21
2.11559765625e+21
2.1171044921875e+21
2.118611328125e+21
2.1201181640625e+21
2.121625e+21
2.1231318359375e+21
2.124638671875e+21
2.1261455078125e+21
2.12765234375e+21
2.1291591796875e+21
2.130666015625e+21
2.1321728515625e+21
2.1336796875e+21
2.1351865234375e+21
2.136693359375e+21
2.1382001953125e+21
2.13970703125e+21
2.1412138671875e+21
2.142720703125e+21
2.1442275390625e+21
2.145734375e+21
2.1472412109375e+21
2.148748046875e+21
2.1502548828125e+21
2.15176171875e+21
2.1532685546875e+21
2.154775390625e+21
2.1562822265625e+21
2.1577890625e+21
2.1592958984375e+21
2.160802734375e+21
2.1623095703125e+21
2.16381640625e+21
2.1653232421875e+21
2.166830078125e+21
2.1683369140625e+21
2.16984375e+21
2.1713505859375e+21
2.172857421875e+21
2.1743642578125e+21
2.17587109375e+21
2.1773779296875e+21
2.178884765625e+21
2.1803916015625e+21
2.1818984375e+21
2.1834052734375e+21
2.184912109375e+21
2.1864189453125e+21
2.18792578125e+21
2.1894326171875e+21
2.190939453125e+21
2.1924462890625e+21
2.193953125e+21
2.1954599609375e+21
2.196966796875e+21
2.1984736328125e+21
2.19998046875e+21
2.2014873046875e+21
2.202994140625e+21
2.2045009765625e+21
2.2060078125e+21
2.2075146484375e+21
2.209021484375e+21
2.2105283203125e+21
2.21203515625e+21
2.2135419921875e+21
2.215048828125e+21
2.2165556640625e+21
2.2180625e+21
2.2195693359375e+21
2.221076171875e+21
2.2225830078125e+21
2.22408984375e+21
2.2255966796875e+21
2.227103515625e+21
2.2286103515625e+21
2.2301171875e+21
2.2316240234375e+21
2.233130859375e+21
2.2346376953125e+21
2.23614453125e+21
2.2376513671875e+21
2.239158203125e+21
2.2406650390625e+21
2.242171875e+21
2.2436787109375e+21
2.245185546875e+21
2.2466923828125e+21
2.24819921875e+21
2.2497060546875e+21
2.251212890625e+21
2.2527197265625e+21
2.2542265625e+21
2.2557333984375e+21
2.257240234375e+21
2.2587470703125e+21
2.26025390625e+21
2.2617607421875e+21
2.263267578125e+21
2.2647744140625e+21
2.26628125e+21
2.2677880859375e+21
2.269294921875e+21
2.2708017578125e+21
2.27230859375e+21
2.2738154296875e+21
2.275322265625e+21
2.2768291015625e+21
2.2783359375e+21
2.2798427734375e+21
2.281349609375e+21
2.2828564453125e+21
2.28436328125e+21
2.2858701171875e+21
2.287376953125e+21
2.2888837890625e+21
2.290390625e+21
2.2918974609375e+21
2.293404296875e+21
2.2949111328125e+21
2.29641796875e+21
2.2979248046875e+21
2.299431640625e+21
2.3009384765625e+21
2.3024453125e+21
2.3039521484375e+21
2.305458984375e+21
2.3069658203125e+21
2.30847265625e+21
2.3099794921875e+21
2.311486328125e+21
2.3129931640625e+21
2.3145e+21
2.3160068359375e+21
2.317513671875e+21
2.3190205078125e+21
2.32052734375e+21
2.3220341796875e+21
2.323541015625e+21
2.3250478515625e+21
2.3265546875e+21
2.3280615234375e+21
2.329568359375e+21
2.3310751953125e+21
2.33258203125e+21
2.3340888671875e+21
2.335595703125e+21
2.3371025390625e+21
2.338609375e+21
2.3401162109375e+21
2.341623046875e+21
2.3431298828125e+21
2.34463671875e+21
2.3461435546875e+21
2.347650390625e+21
2.3491572265625e+21
2.3506640625e+21
2.3521708984375e+21
2.353677734375e+21
2.3551845703125e+21
2.35669140625e+21
2.3581982421875e+21
2.359705078125e+21
2.3612119140625e+21
2.36271875e+21
2.3642255859375e+21
2.365732421875e+21
2.3672392578125e+21
2.36874609375e+21
2.3702529296875e+21
2.371759765625e+21
2.3732666015625e+21
2.3747734375e+21
2.3762802734375e+21
2.377787109375e+21
2.3792939453125e+21
2.38080078125e+21
2.3823076171875e+21
2.383814453125e+21
2.3853212890625e+21
2.386828125e+21
2.3883349609375e+21
2.389841796875e+21
2.3913486328125e+21
2.39285546875e+21
2.3943623046875e+21
2.395869140625e+21
2.3973759765625e+21
2.3988828125e+21
2.4003896484375e+21
2.401896484375e+21
2.4034033203125e+21
2.40491015625e+21
2.4064169921875e+21
2.407923828125e+21
2.4094306640625e+21
2.4109375e+21
2.4124443359375e+21
2.413951171875e+21
2.4154580078125e+21
2.41696484375e+21
2.4184716796875e+21
2.419978515625e+21
2.4214853515625e+21
2.4229921875e+21
2.4244990234375e+21
2.426005859375e+21
2.4275126953125e+21
2.42901953125e+21
2.4305263671875e+21
2.432033203125e+21
2.4335400390625e+21
2.435046875e+21
2.4365537109375e+21
2.438060546875e+21
2.4395673828125e+21
2.44107421875e+21
2.4425810546875e+21
2.444087890625e+21
2.4455947265625e+21
2.4471015625e+21
2.4486083984375e+21
2.450115234375e+21
2.4516220703125e+21
2.45312890625e+21
2.4546357421875e+21
2.456142578125e+21
2.4576494140625e+21
2.45915625e+21
2.4606630859375e+21
2.462169921875e+21
2.4636767578125e+21
2.46518359375e+21
2.4666904296875e+21
2.468197265625e+21
2.4697041015625e+21
2.4712109375e+21
2.4727177734375e+21
2.474224609375e+21
2.4757314453125e+21
2.47723828125e+21
2.4787451171875e+21
2.480251953125e+21
2.4817587890625e+21
2.483265625e+21
2.4847724609375e+21
2.486279296875e+21
2.4877861328125e+21
2.48929296875e+21
2.4907998046875e+21
2.492306640625e+21
2.4938134765625e+21
2.4953203125e+21
2.4968271484375e+21
2.498333984375e+21
2.4998408203125e+21
2.50134765625e+21
2.5028544921875e+21
2.504361328125e+21
2.5058681640625e+21
2.507375e+21
2.5088818359375e+21
2.510388671875e+21
2.5118955078125e+21
2.51340234375e+21
2.5149091796875e+21
2.516416015625e+21
2.5179228515625e+21
2.5194296875e+21
2.5209365234375e+21
2.522443359375e+21
2.5239501953125e+21
2.52545703125e+21
2.5269638671875e+21
2.528470703125e+21
2.5299775390625e+21
2.531484375e+21
2.5329912109375e+21
2.534498046875e+21
2.5360048828125e+21
2.53751171875e+21
2.5390185546875e+21
2.540525390625e+21
2.5420322265625e+21
2.5435390625e+21
2.5450458984375e+21
2.546552734375e+21
2.5480595703125e+21
2.54956640625e+21
2.5510732421875e+21
2.552580078125e+21
2.5540869140625e+21
2.55559375e+21
2.5571005859375e+21
2.558607421875e+21
2.5601142578125e+21
2.56162109375e+21
2.5631279296875e+21
2.564634765625e+21
2.5661416015625e+21
2.5676484375e+21
2.5691552734375e+21
2.570662109375e+21
2.5721689453125e+21
2.57367578125e+21
2.5751826171875e+21
2.576689453125e+21
2.5781962890625e+21
2.579703125e+21
2.5812099609375e+21
2.582716796875e+21
2.5842236328125e+21
2.58573046875e+21
2.5872373046875e+21
2.588744140625e+21
2.5902509765625e+21
2.5917578125e+21
2.5932646484375e+21
2.594771484375e+21
2.5962783203125e+21
2.59778515625e+21
2.5992919921875e+21
2.600798828125e+21
2.6023056640625e+21
2.6038125e+21
2.6053193359375e+21
2.606826171875e+21
2.6083330078125e+21
2.60983984375e+21
2.6113466796875e+21
2.612853515625e+21
2.6143603515625e+21
2.6158671875e+21
2.6173740234375e+21
2.618880859375e+21
2.6203876953125e+21
2.62189453125e+21
2.6234013671875e+21
2.624908203125e+21
2.6264150390625e+21
2.627921875e+21
2.6294287109375e+21
2.630935546875e+21
2.6324423828125e+21
2.63394921875e+21
2.6354560546875e+21
2.636962890625e+21
2.6384697265625e+21
2.6399765625e+21
2.6414833984375e+21
2.642990234375e+21
2.6444970703125e+21
2.64600390625e+21
2.6475107421875e+21
2.649017578125e+21
2.6505244140625e+21
2.65203125e+21
2.6535380859375e+21
2.655044921875e+21
2.6565517578125e+21
2.65805859375e+21
2.6595654296875e+21
2.661072265625e+21
2.6625791015625e+21
2.6640859375e+21
2.6655927734375e+21
2.667099609375e+21
2.6686064453125e+21
2.67011328125e+21
2.6716201171875e+21
2.673126953125e+21
2.6746337890625e+21
2.676140625e+21
2.6776474609375e+21
2.679154296875e+21
2.6806611328125e+21
2.68216796875e+21
2.6836748046875e+21
2.685181640625e+21
2.6866884765625e+21
2.6881953125e+21
2.6897021484375e+21
2.691208984375e+21
2.6927158203125e+21
2.69422265625e+21
2.6957294921875e+21
2.697236328125e+21
2.6987431640625e+21
2.70025e+21
2.7017568359375e+21
2.703263671875e+21
2.7047705078125e+21
2.70627734375e+21
2.7077841796875e+21
2.709291015625e+21
2.7107978515625e+21
2.7123046875e+21
2.7138115234375e+21
2.715318359375e+21
2.7168251953125e+21
2.71833203125e+21
2.7198388671875e+21
2.721345703125e+21
2.7228525390625e+21
2.724359375e+21
2.7258662109375e+21
2.727373046875e+21
2.7288798828125e+21
2.73038671875e+21
2.7318935546875e+21
2.733400390625e+21
2.7349072265625e+21
2.7364140625e+21
2.7379208984375e+21
2.739427734375e+21
2.7409345703125e+21
2.74244140625e+21
2.7439482421875e+21
2.745455078125e+21
2.7469619140625e+21
2.74846875e+21
2.7499755859375e+21
2.751482421875e+21
2.7529892578125e+21
2.75449609375e+21
2.7560029296875e+21
2.757509765625e+21
2.7590166015625e+21
2.7605234375e+21
2.7620302734375e+21
2.763537109375e+21
2.7650439453125e+21
2.76655078125e+21
2.7680576171875e+21
2.769564453125e+21
2.7710712890625e+21
2.772578125e+21
2.7740849609375e+21
2.775591796875e+21
2.7770986328125e+21
2.77860546875e+21
2.7801123046875e+21
2.781619140625e+21
2.7831259765625e+21
2.7846328125e+21
2.7861396484375e+21
2.787646484375e+21
2.7891533203125e+21
2.79066015625e+21
2.7921669921875e+21
2.793673828125e+21
2.7951806640625e+21
2.7966875e+21
2.7981943359375e+21
2.799701171875e+21
2.8012080078125e+21
2.80271484375e+21
2.8042216796875e+21
2.805728515625e+21
2.8072353515625e+21
2.8087421875e+21
2.8102490234375e+21
2.811755859375e+21
2.8132626953125e+21
2.81476953125e+21
2.8162763671875e+21
2.817783203125e+21
2.8192900390625e+21
2.820796875e+21
2.8223037109375e+21
2.823810546875e+21
2.8253173828125e+21
2.82682421875e+21
2.8283310546875e+21
2.829837890625e+21
2.8313447265625e+21
2.8328515625e+21
2.8343583984375e+21
2.835865234375e+21
2.8373720703125e+21
2.83887890625e+21
2.8403857421875e+21
2.841892578125e+21
2.8433994140625e+21
2.84490625e+21
2.8464130859375e+21
2.847919921875e+21
2.8494267578125e+21
2.85093359375e+21
2.8524404296875e+21
2.853947265625e+21
2.8554541015625e+21
2.8569609375e+21
2.8584677734375e+21
2.859974609375e+21
2.8614814453125e+21
2.86298828125e+21
2.8644951171875e+21
2.866001953125e+21
2.8675087890625e+21
2.869015625e+21
2.8705224609375e+21
2.872029296875e+21
2.8735361328125e+21
2.87504296875e+21
2.8765498046875e+21
2.878056640625e+21
2.8795634765625e+21
2.8810703125e+21
2.8825771484375e+21
2.884083984375e+21
2.8855908203125e+21
2.88709765625e+21
2.8886044921875e+21
2.890111328125e+21
2.8916181640625e+21
2.893125e+21
2.8946318359375e+21
2.896138671875e+21
2.8976455078125e+21
2.89915234375e+21
2.9006591796875e+21
2.902166015625e+21
2.9036728515625e+21
2.9051796875e+21
2.9066865234375e+21
2.908193359375e+21
2.9097001953125e+21
2.91120703125e+21
2.9127138671875e+21
2.914220703125e+21
2.9157275390625e+21
2.917234375e+21
2.9187412109375e+21
2.920248046875e+21
2.9217548828125e+21
2.92326171875e+21
2.9247685546875e+21
2.926275390625e+21
2.9277822265625e+21
2.9292890625e+21
2.9307958984375e+21
2.932302734375e+21
2.9338095703125e+21
2.93531640625e+21
2.9368232421875e+21
2.938330078125e+21
2.9398369140625e+21
2.94134375e+21
2.9428505859375e+21
2.944357421875e+21
2.9458642578125e+21
2.94737109375e+21
2.9488779296875e+21
2.950384765625e+21
2.9518916015625e+21
2.9533984375e+21
2.9549052734375e+21
2.956412109375e+21
2.9579189453125e+21
2.95942578125e+21
2.9609326171875e+21
2.962439453125e+21
2.9639462890625e+21
2.965453125e+21
2.9669599609375e+21
2.968466796875e+21
2.9699736328125e+21
2.97148046875e+21
2.9729873046875e+21
2.974494140625e+21
2.9760009765625e+21
2.9775078125e+21
2.9790146484375e+21
2.980521484375e+21
2.9820283203125e+21
2.98353515625e+21
2.9850419921875e+21
2.986548828125e+21
2.9880556640625e+21
2.9895625e+21
2.9910693359375e+21
2.992576171875e+21
2.9940830078125e+21
2.99558984375e+21
2.9970966796875e+21
2.998603515625e+21
3.0001103515625e+21
3.0016171875e+21
3.0031240234375e+21
3.004630859375e+21
3.0061376953125e+21
3.00764453125e+21
3.0091513671875e+21
3.010658203125e+21
3.0121650390625e+21
3.013671875e+21
3.0151787109375e+21
3.016685546875e+21
3.0181923828125e+21
3.01969921875e+21
3.0212060546875e+21
3.022712890625e+21
3.0242197265625e+21
3.0257265625e+21
3.0272333984375e+21
3.028740234375e+21
3.0302470703125e+21
3.03175390625e+21
3.0332607421875e+21
3.034767578125e+21
3.0362744140625e+21
3.03778125e+21
3.0392880859375e+21
3.040794921875e+21
3.0423017578125e+21
3.04380859375e+21
3.0453154296875e+21
3.046822265625e+21
3.0483291015625e+21
3.0498359375e+21
3.0513427734375e+21
3.052849609375e+21
3.0543564453125e+21
3.05586328125e+21
3.0573701171875e+21
3.058876953125e+21
3.0603837890625e+21
3.061890625e+21
3.0633974609375e+21
3.064904296875e+21
3.0664111328125e+21
3.06791796875e+21
3.0694248046875e+21
3.070931640625e+21
3.0724384765625e+21
3.0739453125e+21
3.0754521484375e+21
3.076958984375e+21
3.0784658203125e+21
3.07997265625e+21
3.0814794921875e+21
3.082986328125e+21
3.0844931640625e+21
3.086e+21
3.0875068359375e+21
3.089013671875e+21
3.0905205078125e+21
3.09202734375e+21
3.0935341796875e+21
3.095041015625e+21
3.0965478515625e+21
3.0980546875e+21
3.0995615234375e+21
3.101068359375e+21
3.1025751953125e+21
3.10408203125e+21
3.1055888671875e+21
3.107095703125e+21
3.1086025390625e+21
3.110109375e+21
3.1116162109375e+21
3.113123046875e+21
3.1146298828125e+21
3.11613671875e+21
3.1176435546875e+21
3.119150390625e+21
3.1206572265625e+21
3.1221640625e+21
3.1236708984375e+21
3.125177734375e+21
3.1266845703125e+21
3.12819140625e+21
3.1296982421875e+21
3.131205078125e+21
3.1327119140625e+21
3.13421875e+21
3.1357255859375e+21
3.137232421875e+21
3.1387392578125e+21
3.14024609375e+21
3.1417529296875e+21
3.143259765625e+21
3.1447666015625e+21
3.1462734375e+21
3.1477802734375e+21
3.149287109375e+21
3.1507939453125e+21
3.15230078125e+21
3.1538076171875e+21
3.155314453125e+21
3.1568212890625e+21
3.158328125e+21
3.1598349609375e+21
3.161341796875e+21
3.1628486328125e+21
3.16435546875e+21
3.1658623046875e+21
3.167369140625e+21
3.1688759765625e+21
3.1703828125e+21
3.1718896484375e+21
3.173396484375e+21
3.1749033203125e+21
3.17641015625e+21
3.1779169921875e+21
3.179423828125e+21
3.1809306640625e+21
3.1824375e+21
3.1839443359375e+21
3.185451171875e+21
3.1869580078125e+21
3.18846484375e+21
3.1899716796875e+21
3.191478515625e+21
3.1929853515625e+21
3.1944921875e+21
3.1959990234375e+21
3.197505859375e+21
3.1990126953125e+21
3.20051953125e+21
3.2020263671875e+21
3.203533203125e+21
3.2050400390625e+21
3.206546875e+21
3.2080537109375e+21
3.209560546875e+21
3.2110673828125e+21
3.21257421875e+21
3.2140810546875e+21
3.215587890625e+21
3.2170947265625e+21
3.2186015625e+21
3.2201083984375e+21
3.221615234375e+21
3.2231220703125e+21
3.22462890625e+21
3.2261357421875e+21
3.227642578125e+21
3.2291494140625e+21
3.23065625e+21
3.2321630859375e+21
3.233669921875e+21
3.2351767578125e+21
3.23668359375e+21
3.2381904296875e+21
3.239697265625e+21
3.2412041015625e+21
3.2427109375e+21
3.2442177734375e+21
3.245724609375e+21
3.2472314453125e+21
3.24873828125e+21
3.2502451171875e+21
3.251751953125e+21
3.2532587890625e+21
3.254765625e+21
3.2562724609375e+21
3.257779296875e+21
3.2592861328125e+21
3.26079296875e+21
3.2622998046875e+21
3.263806640625e+21
3.2653134765625e+21
3.2668203125e+21
3.2683271484375e+21
3.269833984375e+21
3.2713408203125e+21
3.27284765625e+21
3.2743544921875e+21
3.275861328125e+21
3.2773681640625e+21
3.278875e+21
3.2803818359375e+21
3.281888671875e+21
3.2833955078125e+21
3.28490234375e+21
3.2864091796875e+21
3.287916015625e+21
3.2894228515625e+21
3.2909296875e+21
3.2924365234375e+21
3.293943359375e+21
3.2954501953125e+21
3.29695703125e+21
3.2984638671875e+21
3.299970703125e+21
3.3014775390625e+21
3.302984375e+21
3.3044912109375e+21
3.305998046875e+21
3.3075048828125e+21
3.30901171875e+21
3.3105185546875e+21
3.312025390625e+21
3.3135322265625e+21
3.3150390625e+21
3.3165458984375e+21
3.318052734375e+21
3.3195595703125e+21
3.32106640625e+21
3.3225732421875e+21
3.324080078125e+21
3.3255869140625e+21
3.32709375e+21
3.3286005859375e+21
3.330107421875e+21
3.3316142578125e+21
3.33312109375e+21
3.3346279296875e+21
3.336134765625e+21
3.3376416015625e+21
3.3391484375e+21
3.3406552734375e+21
3.342162109375e+21
3.3436689453125e+21
3.34517578125e+21
3.3466826171875e+21
3.348189453125e+21
3.3496962890625e+21
3.351203125e+21
3.3527099609375e+21
3.354216796875e+21
3.3557236328125e+21
3.35723046875e+21
3.3587373046875e+21
3.360244140625e+21
3.3617509765625e+21
3.3632578125e+21
3.3647646484375e+21
3.366271484375e+21
3.3677783203125e+21
3.36928515625e+21
3.3707919921875e+21
3.372298828125e+21
3.3738056640625e+21
3.3753125e+21
3.3768193359375e+21
3.378326171875e+21
3.3798330078125e+21
3.38133984375e+21
3.3828466796875e+21
3.384353515625e+21
3.3858603515625e+21
3.3873671875e+21
3.3888740234375e+21
3.390380859375e+21
3.3918876953125e+21
3.39339453125e+21
3.3949013671875e+21
3.396408203125e+21
3.3979150390625e+21
3.399421875e+21
3.4009287109375e+21
3.402435546875e+21
3.4039423828125e+21
3.40544921875e+21
3.4069560546875e+21
3.408462890625e+21
3.4099697265625e+21
3.4114765625e+21
3.4129833984375e+21
3.414490234375e+21
3.4159970703125e+21
3.41750390625e+21
3.4190107421875e+21
3.420517578125e+21
3.4220244140625e+21
3.42353125e+21
3.4250380859375e+21
3.426544921875e+21
3.4280517578125e+21
3.42955859375e+21
3.4310654296875e+21
3.432572265625e+21
3.4340791015625e+21
3.4355859375e+21
3.4370927734375e+21
3.438599609375e+21
3.4401064453125e+21
3.44161328125e+21
3.4431201171875e+21
3.444626953125e+21
3.4461337890625e+21
3.447640625e+21
3.4491474609375e+21
3.450654296875e+21
3.4521611328125e+21
3.45366796875e+21
3.4551748046875e+21
3.456681640625e+21
3.4581884765625e+21
3.4596953125e+21
3.4612021484375e+21
3.462708984375e+21
3.4642158203125e+21
3.46572265625e+21
3.4672294921875e+21
3.468736328125e+21
3.4702431640625e+21
3.47175e+21
3.4732568359375e+21
3.474763671875e+21
3.4762705078125e+21
3.47777734375e+21
3.4792841796875e+21
3.480791015625e+21
3.4822978515625e+21
3.4838046875e+21
3.4853115234375e+21
3.486818359375e+21
3.4883251953125e+21
3.48983203125e+21
3.4913388671875e+21
3.492845703125e+21
3.4943525390625e+21
3.495859375e+21
3.4973662109375e+21
3.498873046875e+21
3.5003798828125e+21
3.50188671875e+21
3.5033935546875e+21
3.504900390625e+21
3.5064072265625e+21
3.5079140625e+21
3.5094208984375e+21
3.510927734375e+21
3.5124345703125e+21
3.51394140625e+21
3.5154482421875e+21
3.516955078125e+21
3.5184619140625e+21
3.51996875e+21
3.5214755859375e+21
3.522982421875e+21
3.5244892578125e+21
3.52599609375e+21
3.5275029296875e+21
3.529009765625e+21
3.5305166015625e+21
3.5320234375e+21
3.5335302734375e+21
3.535037109375e+21
3.5365439453125e+21
3.53805078125e+21
3.5395576171875e+21
3.541064453125e+21
3.5425712890625e+21
3.544078125e+21
3.5455849609375e+21
3.547091796875e+21
3.5485986328125e+21
3.55010546875e+21
3.5516123046875e+21
3.553119140625e+21
3.5546259765625e+21
3.5561328125e+21
3.5576396484375e+21
3.559146484375e+21
3.5606533203125e+21
3.56216015625e+21
3.5636669921875e+21
3.565173828125e+21
3.5666806640625e+21
3.5681875e+21
3.5696943359375e+21
3.571201171875e+21
3.5727080078125e+21
3.57421484375e+21
3.5757216796875e+21
3.577228515625e+21
3.5787353515625e+21
3.5802421875e+21
3.5817490234375e+21
3.583255859375e+21
3.5847626953125e+21
3.58626953125e+21
3.5877763671875e+21
3.589283203125e+21
3.5907900390625e+21
3.592296875e+21
3.5938037109375e+21
3.595310546875e+21
3.5968173828125e+21
3.59832421875e+21
3.5998310546875e+21
3.601337890625e+21
3.6028447265625e+21
3.6043515625e+21
3.6058583984375e+21
3.607365234375e+21
3.6088720703125e+21
3.61037890625e+21
3.6118857421875e+21
3.613392578125e+21
3.6148994140625e+21
3.61640625e+21
3.6179130859375e+21
3.619419921875e+21
3.6209267578125e+21
3.62243359375e+21
3.6239404296875e+21
3.625447265625e+21
3.6269541015625e+21
3.6284609375e+21
3.6299677734375e+21
3.631474609375e+21
3.6329814453125e+21
3.63448828125e+21
3.6359951171875e+21
3.637501953125e+21
3.6390087890625e+21
3.640515625e+21
3.6420224609375e+21
3.643529296875e+21
3.6450361328125e+21
3.64654296875e+21
3.6480498046875e+21
3.649556640625e+21
3.6510634765625e+21
3.6525703125e+21
3.6540771484375e+21
3.655583984375e+21
3.6570908203125e+21
3.65859765625e+21
3.6601044921875e+21
3.661611328125e+21
3.6631181640625e+21
3.664625e+21
3.6661318359375e+21
3.667638671875e+21
3.6691455078125e+21
3.67065234375e+21
3.6721591796875e+21
3.673666015625e+21
3.6751728515625e+21
3.6766796875e+21
3.6781865234375e+21
3.679693359375e+21
3.6812001953125e+21
3.68270703125e+21
3.6842138671875e+21
3.685720703125e+21
3.6872275390625e+21
3.688734375e+21
3.6902412109375e+21
3.691748046875e+21
3.6932548828125e+21
3.69476171875e+21
3.6962685546875e+21
3.697775390625e+21
3.6992822265625e+21
3.7007890625e+21
3.7022958984375e+21
3.703802734375e+21
3.7053095703125e+21
3.70681640625e+21
3.7083232421875e+21
3.709830078125e+21
3.7113369140625e+21
3.71284375e+21
3.7143505859375e+21
3.715857421875e+21
3.7173642578125e+21
3.71887109375e+21
3.7203779296875e+21
3.721884765625e+21
3.7233916015625e+21
3.7248984375e+21
3.7264052734375e+21
3.727912109375e+21
3.7294189453125e+21
3.73092578125e+21
3.7324326171875e+21
3.733939453125e+21
3.7354462890625e+21
3.736953125e+21
3.7384599609375e+21
3.739966796875e+21
3.7414736328125e+21
3.74298046875e+21
3.7444873046875e+21
3.745994140625e+21
3.7475009765625e+21
3.7490078125e+21
3.7505146484375e+21
3.752021484375e+21
3.7535283203125e+21
3.75503515625e+21
3.7565419921875e+21
3.758048828125e+21
3.7595556640625e+21
3.7610625e+21
3.7625693359375e+21
3.764076171875e+21
3.7655830078125e+21
3.76708984375e+21
3.7685966796875e+21
3.770103515625e+21
3.7716103515625e+21
3.7731171875e+21
3.7746240234375e+21
3.776130859375e+21
3.7776376953125e+21
3.77914453125e+21
3.7806513671875e+21
3.782158203125e+21
3.7836650390625e+21
3.785171875e+21
3.7866787109375e+21
3.788185546875e+21
3.7896923828125e+21
3.79119921875e+21
3.7927060546875e+21
3.794212890625e+21
3.7957197265625e+21
3.7972265625e+21
3.7987333984375e+21
3.800240234375e+21
3.8017470703125e+21
3.80325390625e+21
3.8047607421875e+21
3.806267578125e+21
3.8077744140625e+21
3.80928125e+21
3.8107880859375e+21
3.812294921875e+21
3.8138017578125e+21
3.81530859375e+21
3.8168154296875e+21
3.818322265625e+21
3.8198291015625e+21
3.8213359375e+21
3.8228427734375e+21
3.824349609375e+21
3.8258564453125e+21
3.82736328125e+21
3.8288701171875e+21
3.830376953125e+21
3.8318837890625e+21
3.833390625e+21
3.8348974609375e+21
3.836404296875e+21
3.8379111328125e+21
3.83941796875e+21
3.8409248046875e+21
3.842431640625e+21
3.8439384765625e+21
3.8454453125e+21
3.8469521484375e+21
3.848458984375e+21
3.8499658203125e+21
3.85147265625e+21
3.8529794921875e+21
3.854486328125e+21
3.8559931640625e+21
3.8575e+21
3.8590068359375e+21
3.860513671875e+21
3.8620205078125e+21
3.86352734375e+21
3.8650341796875e+21
3.866541015625e+21
3.8680478515625e+21
3.8695546875e+21
3.8710615234375e+21
3.872568359375e+21
3.8740751953125e+21
3.87558203125e+21
3.8770888671875e+21
3.878595703125e+21
3.8801025390625e+21
3.881609375e+21
3.8831162109375e+21
3.884623046875e+21
3.8861298828125e+21
3.88763671875e+21
3.8891435546875e+21
3.890650390625e+21
3.8921572265625e+21
3.8936640625e+21
3.8951708984375e+21
3.896677734375e+21
3.8981845703125e+21
3.89969140625e+21
3.9011982421875e+21
3.902705078125e+21
3.9042119140625e+21
3.90571875e+21
3.9072255859375e+21
3.908732421875e+21
3.9102392578125e+21
3.91174609375e+21
3.9132529296875e+21
3.914759765625e+21
3.9162666015625e+21
3.9177734375e+21
3.9192802734375e+21
3.920787109375e+21
3.9222939453125e+21
3.92380078125e+21
3.9253076171875e+21
3.926814453125e+21
3.9283212890625e+21
3.929828125e+21
3.9313349609375e+21
3.932841796875e+21
3.9343486328125e+21
3.93585546875e+21
3.9373623046875e+21
3.938869140625e+21
3.9403759765625e+21
3.9418828125e+21
3.9433896484375e+21
3.944896484375e+21
3.9464033203125e+21
3.94791015625e+21
3.9494169921875e+21
3.950923828125e+21
3.9524306640625e+21
3.9539375e+21
3.9554443359375e+21
3.956951171875e+21
3.9584580078125e+21
3.95996484375e+21
3.9614716796875e+21
3.962978515625e+21
3.9644853515625e+21
3.9659921875e+21
3.9674990234375e+21
3.969005859375e+21
3.9705126953125e+21
3.97201953125e+21
3.9735263671875e+21
3.975033203125e+21
3.9765400390625e+21
3.978046875e+21
3.9795537109375e+21
3.981060546875e+21
3.9825673828125e+21
3.98407421875e+21
3.9855810546875e+21
3.987087890625e+21
3.9885947265625e+21
3.9901015625e+21
3.9916083984375e+21
3.993115234375e+21
3.9946220703125e+21
3.99612890625e+21
3.9976357421875e+21
3.999142578125e+21
4.0006494140625e+21
4.00215625e+21
4.0036630859375e+21
4.005169921875e+21
4.0066767578125e+21
4.00818359375e+21
4.0096904296875e+21
4.011197265625e+21
4.0127041015625e+21
4.0142109375e+21
4.0157177734375e+21
4.017224609375e+21
4.0187314453125e+21
4.02023828125e+21
4.0217451171875e+21
4.023251953125e+21
4.0247587890625e+21
4.026265625e+21
4.0277724609375e+21
4.029279296875e+21
4.0307861328125e+21
4.03229296875e+21
4.0337998046875e+21
4.035306640625e+21
4.0368134765625e+21
4.0383203125e+21
4.0398271484375e+21
4.041333984375e+21
4.0428408203125e+21
4.04434765625e+21
4.0458544921875e+21
4.047361328125e+21
4.0488681640625e+21
4.050375e+21
4.0518818359375e+21
4.053388671875e+21
4.0548955078125e+21
4.05640234375e+21
4.0579091796875e+21
4.059416015625e+21
4.0609228515625e+21
4.0624296875e+21
4.0639365234375e+21
4.065443359375e+21
4.0669501953125e+21
4.06845703125e+21
4.0699638671875e+21
4.071470703125e+21
4.0729775390625e+21
4.074484375e+21
4.0759912109375e+21
4.077498046875e+21
4.0790048828125e+21
4.08051171875e+21
4.0820185546875e+21
4.083525390625e+21
4.0850322265625e+21
4.0865390625e+21
4.0880458984375e+21
4.089552734375e+21
4.0910595703125e+21
4.09256640625e+21
4.0940732421875e+21
4.095580078125e+21
4.0970869140625e+21
4.09859375e+21
4.1001005859375e+21
4.101607421875e+21
4.1031142578125e+21
4.10462109375e+21
4.1061279296875e+21
4.107634765625e+21
4.1091416015625e+21
4.1106484375e+21
4.1121552734375e+21
4.113662109375e+21
4.1151689453125e+21
4.11667578125e+21
4.1181826171875e+21
4.119689453125e+21
4.1211962890625e+21
4.122703125e+21
4.1242099609375e+21
4.125716796875e+21
4.1272236328125e+21
4.12873046875e+21
4.1302373046875e+21
4.131744140625e+21
4.1332509765625e+21
4.1347578125e+21
4.1362646484375e+21
4.137771484375e+21
4.1392783203125e+21
4.14078515625e+21
4.1422919921875e+21
4.143798828125e+21
4.1453056640625e+21
4.1468125e+21
4.1483193359375e+21
4.149826171875e+21
4.1513330078125e+21
4.15283984375e+21
4.1543466796875e+21
4.155853515625e+21
4.1573603515625e+21
4.1588671875e+21
4.1603740234375e+21
4.161880859375e+21
4.1633876953125e+21
4.16489453125e+21
4.1664013671875e+21
4.167908203125e+21
4.1694150390625e+21
4.170921875e+21
4.1724287109375e+21
4.173935546875e+21
4.1754423828125e+21
4.17694921875e+21
4.1784560546875e+21
4.179962890625e+21
4.1814697265625e+21
4.1829765625e+21
4.1844833984375e+21
4.185990234375e+21
4.1874970703125e+21
4.18900390625e+21
4.1905107421875e+21
4.192017578125e+21
4.1935244140625e+21
4.19503125e+21
4.1965380859375e+21
4.198044921875e+21
4.1995517578125e+21
4.20105859375e+21
4.2025654296875e+21
4.204072265625e+21
4.2055791015625e+21
4.2070859375e+21
4.2085927734375e+21
4.210099609375e+21
4.2116064453125e+21
4.21311328125e+21
4.2146201171875e+21
4.216126953125e+21
4.2176337890625e+21
4.219140625e+21
4.2206474609375e+21
4.222154296875e+21
4.2236611328125e+21
4.22516796875e+21
4.2266748046875e+21
4.228181640625e+21
4.2296884765625e+21
4.2311953125e+21
4.2327021484375e+21
4.234208984375e+21
4.2357158203125e+21
4.23722265625e+21
4.2387294921875e+21
4.240236328125e+21
4.2417431640625e+21
4.24325e+21
4.2447568359375e+21
4.246263671875e+21
4.2477705078125e+21
4.24927734375e+21
4.2507841796875e+21
4.252291015625e+21
4.2537978515625e+21
4.2553046875e+21
4.2568115234375e+21
4.258318359375e+21
4.2598251953125e+21
4.26133203125e+21
4.2628388671875e+21
4.264345703125e+21
4.2658525390625e+21
4.267359375e+21
4.2688662109375e+21
4.270373046875e+21
4.2718798828125e+21
4.27338671875e+21
4.2748935546875e+21
4.276400390625e+21
4.2779072265625e+21
4.2794140625e+21
4.2809208984375e+21
4.282427734375e+21
4.2839345703125e+21
4.28544140625e+21
4.2869482421875e+21
4.288455078125e+21
4.2899619140625e+21
4.29146875e+21
4.2929755859375e+21
4.294482421875e+21
4.2959892578125e+21
4.29749609375e+21
4.2990029296875e+21
4.300509765625e+21
4.3020166015625e+21
4.3035234375e+21
4.3050302734375e+21
4.306537109375e+21
4.3080439453125e+21
4.30955078125e+21
4.3110576171875e+21
4.312564453125e+21
4.3140712890625e+21
4.315578125e+21
4.3170849609375e+21
4.318591796875e+21
4.3200986328125e+21
4.32160546875e+21
4.3231123046875e+21
4.324619140625e+21
4.3261259765625e+21
4.3276328125e+21
4.3291396484375e+21
4.330646484375e+21
4.3321533203125e+21
4.33366015625e+21
4.3351669921875e+21
4.336673828125e+21
4.3381806640625e+21
4.3396875e+21
4.3411943359375e+21
4.342701171875e+21
4.3442080078125e+21
4.34571484375e+21
4.3472216796875e+21
4.348728515625e+21
4.3502353515625e+21
4.3517421875e+21
4.3532490234375e+21
4.354755859375e+21
4.3562626953125e+21
4.35776953125e+21
4.3592763671875e+21
4.360783203125e+21
4.3622900390625e+21
4.363796875e+21
4.3653037109375e+21
4.366810546875e+21
4.3683173828125e+21
4.36982421875e+21
4.3713310546875e+21
4.372837890625e+21
4.3743447265625e+21
4.3758515625e+21
4.3773583984375e+21
4.378865234375e+21
4.3803720703125e+21
4.38187890625e+21
4.3833857421875e+21
4.384892578125e+21
4.3863994140625e+21
4.38790625e+21
4.3894130859375e+21
4.390919921875e+21
4.3924267578125e+21
4.39393359375e+21
4.3954404296875e+21
4.396947265625e+21
4.3984541015625e+21
4.3999609375e+21
4.4014677734375e+21
4.402974609375e+21
4.4044814453125e+21
4.40598828125e+21
4.4074951171875e+21
4.409001953125e+21
4.4105087890625e+21
4.412015625e+21
4.4135224609375e+21
4.415029296875e+21
4.4165361328125e+21
4.41804296875e+21
4.4195498046875e+21
4.421056640625e+21
4.4225634765625e+21
4.4240703125e+21
4.4255771484375e+21
4.427083984375e+21
4.4285908203125e+21
4.43009765625e+21
4.4316044921875e+21
4.433111328125e+21
4.4346181640625e+21
4.436125e+21
4.4376318359375e+21
4.439138671875e+21
4.4406455078125e+21
4.44215234375e+21
4.4436591796875e+21
4.445166015625e+21
4.4466728515625e+21
4.4481796875e+21
4.4496865234375e+21
4.451193359375e+21
4.4527001953125e+21
4.45420703125e+21
4.4557138671875e+21
4.457220703125e+21
4.4587275390625e+21
4.460234375e+21
4.4617412109375e+21
4.463248046875e+21
4.4647548828125e+21
4.46626171875e+21
4.4677685546875e+21
4.469275390625e+21
4.4707822265625e+21
4.4722890625e+21
4.4737958984375e+21
4.475302734375e+21
4.4768095703125e+21
4.47831640625e+21
4.4798232421875e+21
4.481330078125e+21
4.4828369140625e+21
4.48434375e+21
4.4858505859375e+21
4.487357421875e+21
4.4888642578125e+21
4.49037109375e+21
4.4918779296875e+21
4.493384765625e+21
4.4948916015625e+21
4.4963984375e+21
4.4979052734375e+21
4.499412109375e+21
4.5009189453125e+21
4.50242578125e+21
4.5039326171875e+21
4.505439453125e+21
4.5069462890625e+21
4.508453125e+21
4.5099599609375e+21
4.511466796875e+21
4.5129736328125e+21
4.51448046875e+21
4.5159873046875e+21
4.517494140625e+21
4.5190009765625e+21
4.5205078125e+21
4.5220146484375e+21
4.523521484375e+21
4.5250283203125e+21
4.52653515625e+21
4.5280419921875e+21
4.529548828125e+21
4.5310556640625e+21
4.5325625e+21
4.5340693359375e+21
4.535576171875e+21
4.5370830078125e+21
4.53858984375e+21
4.5400966796875e+21
4.541603515625e+21
4.5431103515625e+21
4.5446171875e+21
4.5461240234375e+21
4.547630859375e+21
4.5491376953125e+21
4.55064453125e+21
4.5521513671875e+21
4.553658203125e+21
4.5551650390625e+21
4.556671875e+21
4.5581787109375e+21
4.559685546875e+21
4.5611923828125e+21
4.56269921875e+21
4.5642060546875e+21
4.565712890625e+21
4.5672197265625e+21
4.5687265625e+21
4.5702333984375e+21
4.571740234375e+21
4.5732470703125e+21
4.57475390625e+21
4.5762607421875e+21
4.577767578125e+21
4.5792744140625e+21
4.58078125e+21
4.5822880859375e+21
4.583794921875e+21
4.5853017578125e+21
4.58680859375e+21
4.5883154296875e+21
4.589822265625e+21
4.5913291015625e+21
4.5928359375e+21
4.5943427734375e+21
4.595849609375e+21
4.5973564453125e+21
4.59886328125e+21
4.6003701171875e+21
4.601876953125e+21
4.6033837890625e+21
4.604890625e+21
4.6063974609375e+21
4.607904296875e+21
4.6094111328125e+21
4.61091796875e+21
4.6124248046875e+21
4.613931640625e+21
4.6154384765625e+21
4.6169453125e+21
4.6184521484375e+21
4.619958984375e+21
4.6214658203125e+21
4.62297265625e+21
4.6244794921875e+21
4.625986328125e+21
4.6274931640625e+21
4.629e+21
4.6305068359375e+21
4.632013671875e+21
4.6335205078125e+21
4.63502734375e+21
4.6365341796875e+21
4.638041015625e+21
4.6395478515625e+21
4.6410546875e+21
4.6425615234375e+21
4.644068359375e+21
4.6455751953125e+21
4.64708203125e+21
4.6485888671875e+21
4.650095703125e+21
4.6516025390625e+21
4.653109375e+21
4.6546162109375e+21
4.656123046875e+21
4.6576298828125e+21
4.65913671875e+21
4.6606435546875e+21
4.662150390625e+21
4.6636572265625e+21
4.6651640625e+21
4.6666708984375e+21
4.668177734375e+21
4.6696845703125e+21
4.67119140625e+21
4.6726982421875e+21
4.674205078125e+21
4.6757119140625e+21
4.67721875e+21
4.6787255859375e+21
4.680232421875e+21
4.6817392578125e+21
4.68324609375e+21
4.6847529296875e+21
4.686259765625e+21
4.6877666015625e+21
4.6892734375e+21
4.6907802734375e+21
4.692287109375e+21
4.6937939453125e+21
4.69530078125e+21
4.6968076171875e+21
4.698314453125e+21
4.6998212890625e+21
4.701328125e+21
4.7028349609375e+21
4.704341796875e+21
4.7058486328125e+21
4.70735546875e+21
4.7088623046875e+21
4.710369140625e+21
4.7118759765625e+21
4.7133828125e+21
4.7148896484375e+21
4.716396484375e+21
4.7179033203125e+21
4.71941015625e+21
4.7209169921875e+21
4.722423828125e+21
4.7239306640625e+21
4.7254375e+21
4.7269443359375e+21
4.728451171875e+21
4.7299580078125e+21
4.73146484375e+21
4.7329716796875e+21
4.734478515625e+21
4.7359853515625e+21
4.7374921875e+21
4.7389990234375e+21
4.740505859375e+21
4.7420126953125e+21
4.74351953125e+21
4.7450263671875e+21
4.746533203125e+21
4.7480400390625e+21
4.749546875e+21
4.7510537109375e+21
4.752560546875e+21
4.7540673828125e+21
4.75557421875e+21
4.7570810546875e+21
4.758587890625e+21
4.7600947265625e+21
4.7616015625e+21
4.7631083984375e+21
4.764615234375e+21
4.7661220703125e+21
4.76762890625e+21
4.7691357421875e+21
4.770642578125e+21
4.7721494140625e+21
4.77365625e+21
4.7751630859375e+21
4.776669921875e+21
4.7781767578125e+21
4.77968359375e+21
4.7811904296875e+21
4.782697265625e+21
4.7842041015625e+21
4.7857109375e+21
4.7872177734375e+21
4.788724609375e+21
4.7902314453125e+21
4.79173828125e+21
4.7932451171875e+21
4.794751953125e+21
4.7962587890625e+21
4.797765625e+21
4.7992724609375e+21
4.800779296875e+21
4.8022861328125e+21
4.80379296875e+21
4.8052998046875e+21
4.806806640625e+21
4.8083134765625e+21
4.8098203125e+21
4.8113271484375e+21
4.812833984375e+21
4.8143408203125e+21
4.81584765625e+21
4.8173544921875e+21
4.818861328125e+21
4.8203681640625e+21
4.821875e+21
4.8233818359375e+21
4.824888671875e+21
4.8263955078125e+21
4.82790234375e+21
4.8294091796875e+21
4.830916015625e+21
4.8324228515625e+21
4.8339296875e+21
4.8354365234375e+21
4.836943359375e+21
4.8384501953125e+21
4.83995703125e+21
4.8414638671875e+21
4.842970703125e+21
4.8444775390625e+21
4.845984375e+21
4.8474912109375e+21
4.848998046875e+21
4.8505048828125e+21
4.85201171875e+21
4.8535185546875e+21
4.855025390625e+21
4.8565322265625e+21
4.8580390625e+21
4.8595458984375e+21
4.861052734375e+21
4.8625595703125e+21
4.86406640625e+21
4.8655732421875e+21
4.867080078125e+21
4.8685869140625e+21
4.87009375e+21
4.8716005859375e+21
4.873107421875e+21
4.8746142578125e+21
4.87612109375e+21
4.8776279296875e+21
4.879134765625e+21
4.8806416015625e+21
4.8821484375e+21
4.8836552734375e+21
4.885162109375e+21
4.8866689453125e+21
4.88817578125e+21
4.8896826171875e+21
4.891189453125e+21
4.8926962890625e+21
4.894203125e+21
4.8957099609375e+21
4.897216796875e+21
4.8987236328125e+21
4.90023046875e+21
4.9017373046875e+21
4.903244140625e+21
4.9047509765625e+21
4.9062578125e+21
4.9077646484375e+21
4.909271484375e+21
4.9107783203125e+21
4.91228515625e+21
4.9137919921875e+21
4.915298828125e+21
4.9168056640625e+21
4.9183125e+21
4.9198193359375e+21
4.921326171875e+21
4.9228330078125e+21
4.92433984375e+21
4.9258466796875e+21
4.927353515625e+21
4.9288603515625e+21
4.9303671875e+21
4.9318740234375e+21
4.933380859375e+21
4.9348876953125e+21
4.93639453125e+21
4.9379013671875e+21
4.939408203125e+21
4.9409150390625e+21
4.942421875e+21
4.9439287109375e+21
4.945435546875e+21
4.9469423828125e+21
4.94844921875e+21
4.9499560546875e+21
4.951462890625e+21
4.9529697265625e+21
4.9544765625e+21
4.9559833984375e+21
4.957490234375e+21
4.9589970703125e+21
4.96050390625e+21
4.9620107421875e+21
4.963517578125e+21
4.9650244140625e+21
4.96653125e+21
4.9680380859375e+21
4.969544921875e+21
4.9710517578125e+21
4.97255859375e+21
4.9740654296875e+21
4.975572265625e+21
4.9770791015625e+21
4.9785859375e+21
4.9800927734375e+21
4.981599609375e+21
4.9831064453125e+21
4.98461328125e+21
4.9861201171875e+21
4.987626953125e+21
4.9891337890625e+21
4.990640625e+21
4.9921474609375e+21
4.993654296875e+21
4.9951611328125e+21
4.99666796875e+21
4.9981748046875e+21
4.999681640625e+21
5.0011884765625e+21
5.0026953125e+21
5.0042021484375e+21
5.005708984375e+21
5.0072158203125e+21
5.00872265625e+21
5.0102294921875e+21
5.011736328125e+21
5.0132431640625e+21
5.01475e+21
5.0162568359375e+21
5.017763671875e+21
5.0192705078125e+21
5.02077734375e+21
5.0222841796875e+21
5.023791015625e+21
5.0252978515625e+21
5.0268046875e+21
5.0283115234375e+21
5.029818359375e+21
5.0313251953125e+21
5.03283203125e+21
5.0343388671875e+21
5.035845703125e+21
5.0373525390625e+21
5.038859375e+21
5.0403662109375e+21
5.041873046875e+21
5.0433798828125e+21
5.04488671875e+21
5.0463935546875e+21
5.047900390625e+21
5.0494072265625e+21
5.0509140625e+21
5.0524208984375e+21
5.053927734375e+21
5.0554345703125e+21
5.05694140625e+21
5.0584482421875e+21
5.059955078125e+21
5.0614619140625e+21
5.06296875e+21
5.0644755859375e+21
5.065982421875e+21
5.0674892578125e+21
5.06899609375e+21
5.0705029296875e+21
5.072009765625e+21
5.0735166015625e+21
5.0750234375e+21
5.0765302734375e+21
5.078037109375e+21
5.0795439453125e+21
5.08105078125e+21
5.0825576171875e+21
5.084064453125e+21
5.0855712890625e+21
5.087078125e+21
5.0885849609375e+21
5.090091796875e+21
5.0915986328125e+21
5.09310546875e+21
5.0946123046875e+21
5.096119140625e+21
5.0976259765625e+21
5.0991328125e+21
5.1006396484375e+21
5.102146484375e+21
5.1036533203125e+21
5.10516015625e+21
5.1066669921875e+21
5.108173828125e+21
5.1096806640625e+21
5.1111875e+21
5.1126943359375e+21
5.114201171875e+21
5.1157080078125e+21
5.11721484375e+21
5.1187216796875e+21
5.120228515625e+21
5.1217353515625e+21
5.1232421875e+21
5.1247490234375e+21
5.126255859375e+21
5.1277626953125e+21
5.12926953125e+21
5.1307763671875e+21
5.132283203125e+21
5.1337900390625e+21
5.135296875e+21
5.1368037109375e+21
5.138310546875e+21
5.1398173828125e+21
5.14132421875e+21
5.1428310546875e+21
5.144337890625e+21
5.1458447265625e+21
5.1473515625e+21
5.1488583984375e+21
5.150365234375e+21
5.1518720703125e+21
5.15337890625e+21
5.1548857421875e+21
5.156392578125e+21
5.1578994140625e+21
5.15940625e+21
5.1609130859375e+21
5.162419921875e+21
5.1639267578125e+21
5.16543359375e+21
5.1669404296875e+21
5.168447265625e+21
5.1699541015625e+21
5.1714609375e+21
5.1729677734375e+21
5.174474609375e+21
5.1759814453125e+21
5.17748828125e+21
5.1789951171875e+21
5.180501953125e+21
5.1820087890625e+21
5.183515625e+21
5.1850224609375e+21
5.186529296875e+21
5.1880361328125e+21
5.18954296875e+21
5.1910498046875e+21
5.192556640625e+21
5.1940634765625e+21
5.1955703125e+21
5.1970771484375e+21
5.198583984375e+21
5.2000908203125e+21
5.20159765625e+21
5.2031044921875e+21
5.204611328125e+21
5.2061181640625e+21
5.207625e+21
5.2091318359375e+21
5.210638671875e+21
5.2121455078125e+21
5.21365234375e+21
5.2151591796875e+21
5.216666015625e+21
5.2181728515625e+21
5.2196796875e+21
5.2211865234375e+21
5.222693359375e+21
5.2242001953125e+21
5.22570703125e+21
5.2272138671875e+21
5.228720703125e+21
5.2302275390625e+21
5.231734375e+21
5.2332412109375e+21
5.234748046875e+21
5.2362548828125e+21
5.23776171875e+21
5.2392685546875e+21
5.240775390625e+21
5.2422822265625e+21
5.2437890625e+21
5.2452958984375e+21
5.246802734375e+21
5.2483095703125e+21
5.24981640625e+21
5.2513232421875e+21
5.252830078125e+21
5.2543369140625e+21
5.25584375e+21
5.2573505859375e+21
5.258857421875e+21
5.2603642578125e+21
5.26187109375e+21
5.2633779296875e+21
5.264884765625e+21
5.2663916015625e+21
5.2678984375e+21
5.2694052734375e+21
5.270912109375e+21
5.2724189453125e+21
5.27392578125e+21
5.2754326171875e+21
5.276939453125e+21
5.2784462890625e+21
5.279953125e+21
5.2814599609375e+21
5.282966796875e+21
5.2844736328125e+21
5.28598046875e+21
5.2874873046875e+21
5.288994140625e+21
5.2905009765625e+21
5.2920078125e+21
5.2935146484375e+21
5.295021484375e+21
5.2965283203125e+21
5.29803515625e+21
5.2995419921875e+21
5.301048828125e+21
5.3025556640625e+21
5.3040625e+21
5.3055693359375e+21
5.307076171875e+21
5.3085830078125e+21
5.31008984375e+21
5.3115966796875e+21
5.313103515625e+21
5.3146103515625e+21
5.3161171875e+21
5.3176240234375e+21
5.319130859375e+21
5.3206376953125e+21
5.32214453125e+21
5.3236513671875e+21
5.325158203125e+21
5.3266650390625e+21
5.328171875e+21
5.3296787109375e+21
5.331185546875e+21
5.3326923828125e+21
5.33419921875e+21
5.3357060546875e+21
5.337212890625e+21
5.3387197265625e+21
5.3402265625e+21
5.3417333984375e+21
5.343240234375e+21
5.3447470703125e+21
5.34625390625e+21
5.3477607421875e+21
5.349267578125e+21
5.3507744140625e+21
5.35228125e+21
5.3537880859375e+21
5.355294921875e+21
5.3568017578125e+21
5.35830859375e+21
5.3598154296875e+21
5.361322265625e+21
5.3628291015625e+21
5.3643359375e+21
5.3658427734375e+21
5.367349609375e+21
5.3688564453125e+21
5.37036328125e+21
5.3718701171875e+21
5.373376953125e+21
5.3748837890625e+21
5.376390625e+21
5.3778974609375e+21
5.379404296875e+21
5.3809111328125e+21
5.38241796875e+21
5.3839248046875e+21
5.385431640625e+21
5.3869384765625e+21
5.3884453125e+21
5.3899521484375e+21
5.391458984375e+21
5.3929658203125e+21
5.39447265625e+21
5.3959794921875e+21
5.397486328125e+21
5.3989931640625e+21
5.4005e+21
5.4020068359375e+21
5.403513671875e+21
5.4050205078125e+21
5.40652734375e+21
5.4080341796875e+21
5.409541015625e+21
5.4110478515625e+21
5.4125546875e+21
5.4140615234375e+21
5.415568359375e+21
5.4170751953125e+21
5.41858203125e+21
5.4200888671875e+21
5.421595703125e+21
5.4231025390625e+21
5.424609375e+21
5.4261162109375e+21
5.427623046875e+21
5.4291298828125e+21
5.43063671875e+21
5.4321435546875e+21
5.433650390625e+21
5.4351572265625e+21
5.4366640625e+21
5.4381708984375e+21
5.439677734375e+21
5.4411845703125e+21
5.44269140625e+21
5.4441982421875e+21
5.445705078125e+21
5.4472119140625e+21
5.44871875e+21
5.4502255859375e+21
5.451732421875e+21
5.4532392578125e+21
5.45474609375e+21
5.4562529296875e+21
5.457759765625e+21
5.4592666015625e+21
5.4607734375e+21
5.4622802734375e+21
5.463787109375e+21
5.4652939453125e+21
5.46680078125e+21
5.4683076171875e+21
5.469814453125e+21
5.4713212890625e+21
5.472828125e+21
5.4743349609375e+21
5.475841796875e+21
5.4773486328125e+21
5.47885546875e+21
5.4803623046875e+21
5.481869140625e+21
5.4833759765625e+21
5.4848828125e+21
5.4863896484375e+21
5.487896484375e+21
5.4894033203125e+21
5.49091015625e+21
5.4924169921875e+21
5.493923828125e+21
5.4954306640625e+21
5.4969375e+21
5.4984443359375e+21
5.499951171875e+21
5.5014580078125e+21
5.50296484375e+21
5.5044716796875e+21
5.505978515625e+21
5.5074853515625e+21
5.5089921875e+21
5.5104990234375e+21
5.512005859375e+21
5.5135126953125e+21
5.51501953125e+21
5.5165263671875e+21
5.518033203125e+21
5.5195400390625e+21
5.521046875e+21
5.5225537109375e+21
5.524060546875e+21
5.5255673828125e+21
5.52707421875e+21
5.5285810546875e+21
5.530087890625e+21
5.5315947265625e+21
5.5331015625e+21
5.5346083984375e+21
5.536115234375e+21
5.5376220703125e+21
5.53912890625e+21
5.5406357421875e+21
5.542142578125e+21
5.5436494140625e+21
5.54515625e+21
5.5466630859375e+21
5.548169921875e+21
5.5496767578125e+21
5.55118359375e+21
5.5526904296875e+21
5.554197265625e+21
5.5557041015625e+21
5.5572109375e+21
5.5587177734375e+21
5.560224609375e+21
5.5617314453125e+21
5.56323828125e+21
5.5647451171875e+21
5.566251953125e+21
5.5677587890625e+21
5.569265625e+21
5.5707724609375e+21
5.572279296875e+21
5.5737861328125e+21
5.57529296875e+21
5.5767998046875e+21
5.578306640625e+21
5.5798134765625e+21
5.5813203125e+21
5.5828271484375e+21
5.584333984375e+21
5.5858408203125e+21
5.58734765625e+21
5.5888544921875e+21
5.590361328125e+21
5.5918681640625e+21
5.593375e+21
5.5948818359375e+21
5.596388671875e+21
5.5978955078125e+21
5.59940234375e+21
5.6009091796875e+21
5.602416015625e+21
5.6039228515625e+21
5.6054296875e+21
5.6069365234375e+21
5.608443359375e+21
5.6099501953125e+21
5.61145703125e+21
5.6129638671875e+21
5.614470703125e+21
5.6159775390625e+21
5.617484375e+21
5.6189912109375e+21
5.620498046875e+21
5.6220048828125e+21
5.62351171875e+21
5.6250185546875e+21
5.626525390625e+21
5.6280322265625e+21
5.6295390625e+21
5.6310458984375e+21
5.632552734375e+21
5.6340595703125e+21
5.63556640625e+21
5.6370732421875e+21
5.638580078125e+21
5.6400869140625e+21
5.64159375e+21
5.6431005859375e+21
5.644607421875e+21
5.6461142578125e+21
5.64762109375e+21
5.6491279296875e+21
5.650634765625e+21
5.6521416015625e+21
5.6536484375e+21
5.6551552734375e+21
5.656662109375e+21
5.6581689453125e+21
5.65967578125e+21
5.6611826171875e+21
5.662689453125e+21
5.6641962890625e+21
5.665703125e+21
5.6672099609375e+21
5.668716796875e+21
5.6702236328125e+21
5.67173046875e+21
5.6732373046875e+21
5.674744140625e+21
5.6762509765625e+21
5.6777578125e+21
5.6792646484375e+21
5.680771484375e+21
5.6822783203125e+21
5.68378515625e+21
5.6852919921875e+21
5.686798828125e+21
5.6883056640625e+21
5.6898125e+21
5.6913193359375e+21
5.692826171875e+21
5.6943330078125e+21
5.69583984375e+21
5.6973466796875e+21
5.698853515625e+21
5.7003603515625e+21
5.7018671875e+21
5.7033740234375e+21
5.704880859375e+21
5.7063876953125e+21
5.70789453125e+21
5.7094013671875e+21
5.710908203125e+21
5.7124150390625e+21
5.713921875e+21
5.7154287109375e+21
5.716935546875e+21
5.7184423828125e+21
5.71994921875e+21
5.7214560546875e+21
5.722962890625e+21
5.7244697265625e+21
5.7259765625e+21
5.7274833984375e+21
5.728990234375e+21
5.7304970703125e+21
5.73200390625e+21
5.7335107421875e+21
5.735017578125e+21
5.7365244140625e+21
5.73803125e+21
5.7395380859375e+21
5.741044921875e+21
5.7425517578125e+21
5.74405859375e+21
5.7455654296875e+21
5.747072265625e+21
5.7485791015625e+21
5.7500859375e+21
5.7515927734375e+21
5.753099609375e+21
5.7546064453125e+21
5.75611328125e+21
5.7576201171875e+21
5.759126953125e+21
5.7606337890625e+21
5.762140625e+21
5.7636474609375e+21
5.765154296875e+21
5.7666611328125e+21
5.76816796875e+21
5.7696748046875e+21
5.771181640625e+21
5.7726884765625e+21
5.7741953125e+21
5.7757021484375e+21
5.777208984375e+21
5.7787158203125e+21
5.78022265625e+21
5.7817294921875e+21
5.783236328125e+21
5.7847431640625e+21
5.78625e+21
5.7877568359375e+21
5.789263671875e+21
5.7907705078125e+21
5.79227734375e+21
5.7937841796875e+21
5.795291015625e+21
5.7967978515625e+21
5.7983046875e+21
5.7998115234375e+21
5.801318359375e+21
5.8028251953125e+21
5.80433203125e+21
5.8058388671875e+21
5.807345703125e+21
5.8088525390625e+21
5.810359375e+21
5.8118662109375e+21
5.813373046875e+21
5.8148798828125e+21
5.81638671875e+21
5.8178935546875e+21
5.819400390625e+21
5.8209072265625e+21
5.8224140625e+21
5.8239208984375e+21
5.825427734375e+21
5.8269345703125e+21
5.82844140625e+21
5.8299482421875e+21
5.831455078125e+21
5.8329619140625e+21
5.83446875e+21
5.8359755859375e+21
5.837482421875e+21
5.8389892578125e+21
5.84049609375e+21
5.8420029296875e+21
5.843509765625e+21
5.8450166015625e+21
5.8465234375e+21
5.8480302734375e+21
5.849537109375e+21
5.8510439453125e+21
5.85255078125e+21
5.8540576171875e+21
5.855564453125e+21
5.8570712890625e+21
5.858578125e+21
5.8600849609375e+21
5.861591796875e+21
5.8630986328125e+21
5.86460546875e+21
5.8661123046875e+21
5.867619140625e+21
5.8691259765625e+21
5.8706328125e+21
5.8721396484375e+21
5.873646484375e+21
5.8751533203125e+21
5.87666015625e+21
5.8781669921875e+21
5.879673828125e+21
5.8811806640625e+21
5.8826875e+21
5.8841943359375e+21
5.885701171875e+21
5.8872080078125e+21
5.88871484375e+21
5.8902216796875e+21
5.891728515625e+21
5.8932353515625e+21
5.8947421875e+21
5.8962490234375e+21
5.897755859375e+21
5.8992626953125e+21
5.90076953125e+21
5.9022763671875e+21
5.903783203125e+21
5.9052900390625e+21
5.906796875e+21
5.9083037109375e+21
5.909810546875e+21
5.9113173828125e+21
5.91282421875e+21
5.9143310546875e+21
5.915837890625e+21
5.9173447265625e+21
5.9188515625e+21
5.9203583984375e+21
5.921865234375e+21
5.9233720703125e+21
5.92487890625e+21
5.9263857421875e+21
5.927892578125e+21
5.9293994140625e+21
5.93090625e+21
5.9324130859375e+21
5.933919921875e+21
5.9354267578125e+21
5.93693359375e+21
5.9384404296875e+21
5.939947265625e+21
5.9414541015625e+21
5.9429609375e+21
5.9444677734375e+21
5.945974609375e+21
5.9474814453125e+21
5.94898828125e+21
5.9504951171875e+21
5.952001953125e+21
5.9535087890625e+21
5.955015625e+21
5.9565224609375e+21
5.958029296875e+21
5.9595361328125e+21
5.96104296875e+21
5.9625498046875e+21
5.964056640625e+21
5.9655634765625e+21
5.9670703125e+21
5.9685771484375e+21
5.970083984375e+21
5.9715908203125e+21
5.97309765625e+21
5.9746044921875e+21
5.976111328125e+21
5.9776181640625e+21
5.979125e+21
5.9806318359375e+21
5.982138671875e+21
5.9836455078125e+21
5.98515234375e+21
5.9866591796875e+21
5.988166015625e+21
5.9896728515625e+21
5.9911796875e+21
5.9926865234375e+21
5.994193359375e+21
5.9957001953125e+21
5.99720703125e+21
5.9987138671875e+21
6.000220703125e+21
6.0017275390625e+21
6.003234375e+21
6.0047412109375e+21
6.006248046875e+21
6.0077548828125e+21
6.00926171875e+21
6.0107685546875e+21
6.012275390625e+21
6.0137822265625e+21
6.0152890625e+21
6.0167958984375e+21
6.018302734375e+21
6.0198095703125e+21
6.02131640625e+21
6.0228232421875e+21
6.024330078125e+21
6.0258369140625e+21
6.02734375e+21
6.0288505859375e+21
6.030357421875e+21
6.0318642578125e+21
6.03337109375e+21
6.0348779296875e+21
6.036384765625e+21
6.0378916015625e+21
6.0393984375e+21
6.0409052734375e+21
6.042412109375e+21
6.0439189453125e+21
6.04542578125e+21
6.0469326171875e+21
6.048439453125e+21
6.0499462890625e+21
6.051453125e+21
6.0529599609375e+21
6.054466796875e+21
6.0559736328125e+21
6.05748046875e+21
6.0589873046875e+21
6.060494140625e+21
6.0620009765625e+21
6.0635078125e+21
6.0650146484375e+21
6.066521484375e+21
6.0680283203125e+21
6.06953515625e+21
6.0710419921875e+21
6.072548828125e+21
6.0740556640625e+21
6.0755625e+21
6.0770693359375e+21
6.078576171875e+21
6.0800830078125e+21
6.08158984375e+21
6.0830966796875e+21
6.084603515625e+21
6.0861103515625e+21
6.0876171875e+21
6.0891240234375e+21
6.090630859375e+21
6.0921376953125e+21
6.09364453125e+21
6.0951513671875e+21
6.096658203125e+21
6.0981650390625e+21
6.099671875e+21
6.1011787109375e+21
6.102685546875e+21
6.1041923828125e+21
6.10569921875e+21
6.1072060546875e+21
6.108712890625e+21
6.1102197265625e+21
6.1117265625e+21
6.1132333984375e+21
6.114740234375e+21
6.1162470703125e+21
6.11775390625e+21
6.1192607421875e+21
6.120767578125e+21
6.1222744140625e+21
6.12378125e+21
6.1252880859375e+21
6.126794921875e+21
6.1283017578125e+21
6.12980859375e+21
6.1313154296875e+21
6.132822265625e+21
6.1343291015625e+21
6.1358359375e+21
6.1373427734375e+21
6.138849609375e+21
6.1403564453125e+21
6.14186328125e+21
6.1433701171875e+21
6.144876953125e+21
6.1463837890625e+21
6.147890625e+21
6.1493974609375e+21
6.150904296875e+21
6.1524111328125e+21
6.15391796875e+21
6.1554248046875e+21
6.156931640625e+21
6.1584384765625e+21
6.1599453125e+21
6.1614521484375e+21
6.162958984375e+21
6.1644658203125e+21
6.16597265625e+21
6.1674794921875e+21
6.168986328125e+21
6.1704931640625e+21
